0.2 0.2 40 160
0.2 0.4 40 160
0.2 0.6 40 160
0.2 0.8 40 160
0.2 1.0 40 160
0.2 1.2 40 160
0.2 1.4 60 140
0.2 1.6 80 120
0.2 1.8 90 110
0.2 2.0 100 100
0.2 2.2 110 90
0.2 2.4 120 80
0.2 2.6 120 80
0.2 2.8 130 70
0.2 3.0 130 70
0.2 3.2 140 60
0.2 3.4 140 60
0.2 3.6 150 50
0.2 3.8 150 50
0.2 4.0 150 50
0.2 4.2 150 50
0.2 4.4 160 40
0.2 4.6 160 40
0.2 4.8 160 40
0.2 5.0 160 40
0.2 5.2 160 40
0.2 5.4 160 40
0.2 5.6 160 40
0.2 5.8 160 40
0.2 6.0 90 20
0.2 6.2 90 20
0.2 6.4 90 20
0.2 6.6 90 20
0.2 6.8 90 20
0.2 7.0 100 20
0.2 7.2 100 20
0.2 7.4 100 20
0.2 7.6 110 20
0.2 7.8 110 20
0.2 8.0 110 20
0.2 8.2 120 20
0.2 8.4 120 20
0.2 8.6 120 20
0.2 8.8 130 20
0.2 9.0 130 20
0.2 9.2 130 20
0.2 9.4 140 20
0.2 9.6 140 20
0.2 9.8 140 20
0.4 0.2 40 160
0.4 0.4 40 160
0.4 0.6 40 160
0.4 0.8 40 160
0.4 1.0 40 160
0.4 1.2 40 160
0.4 1.4 60 140
0.4 1.6 80 120
0.4 1.8 90 110
0.4 2.0 100 100
0.4 2.2 110 90
0.4 2.4 120 80
0.4 2.6 120 80
0.4 2.8 130 70
0.4 3.0 130 70
0.4 3.2 140 60
0.4 3.4 140 60
0.4 3.6 150 50
0.4 3.8 150 50
0.4 4.0 150 50
0.4 4.2 150 50
0.4 4.4 160 40
0.4 4.6 160 40
0.4 4.8 160 40
0.4 5.0 160 40
0.4 5.2 160 40
0.4 5.4 160 40
0.4 5.6 160 40
0.4 5.8 160 40
0.4 6.0 90 20
0.4 6.2 90 20
0.4 6.4 90 20
0.4 6.6 90 20
0.4 6.8 90 20
0.4 7.0 100 20
0.4 7.2 100 20
0.4 7.4 100 20
0.4 7.6 110 20
0.4 7.8 110 20
0.4 8.0 110 20
0.4 8.2 120 20
0.4 8.4 120 20
0.4 8.6 120 20
0.4 8.8 130 20
0.4 9.0 130 20
0.4 9.2 130 20
0.4 9.4 140 20
0.4 9.6 140 20
0.4 9.8 140 20
0.6 0.2 40 160
0.6 0.4 40 160
0.6 0.6 40 160
0.6 0.8 40 160
0.6 1.0 40 160
0.6 1.2 40 160
0.6 1.4 60 140
0.6 1.6 80 120
0.6 1.8 90 110
0.6 2.0 100 100
0.6 2.2 110 90
0.6 2.4 120 80
0.6 2.6 120 80
0.6 2.8 130 70
0.6 3.0 130 70
0.6 3.2 140 60
0.6 3.4 140 60
0.6 3.6 150 50
0.6 3.8 150 50
0.6 4.0 150 50
0.6 4.2 150 50
0.6 4.4 160 40
0.6 4.6 160 40
0.6 4.8 160 40
0.6 5.0 160 40
0.6 5.2 160 40
0.6 5.4 160 40
0.6 5.6 160 40
0.6 5.8 160 40
0.6 6.0 90 20
0.6 6.2 90 20
0.6 6.4 90 20
0.6 6.6 90 20
0.6 6.8 90 20
0.6 7.0 100 20
0.6 7.2 100 20
0.6 7.4 100 20
0.6 7.6 110 20
0.6 7.8 110 20
0.6 8.0 110 20
0.6 8.2 120 20
0.6 8.4 120 20
0.6 8.6 120 20
0.6 8.8 130 20
0.6 9.0 130 20
0.6 9.2 130 20
0.6 9.4 140 20
0.6 9.6 140 20
0.6 9.8 140 20
0.8 0.2 40 160
0.8 0.4 40 160
0.8 0.6 40 160
0.8 0.8 40 160
0.8 1.0 40 160
0.8 1.2 40 160
0.8 1.4 60 140
0.8 1.6 80 120
0.8 1.8 90 110
0.8 2.0 100 100
0.8 2.2 110 90
0.8 2.4 120 80
0.8 2.6 120 80
0.8 2.8 130 70
0.8 3.0 130 70
0.8 3.2 140 60
0.8 3.4 140 60
0.8 3.6 150 50
0.8 3.8 150 50
0.8 4.0 150 50
0.8 4.2 150 50
0.8 4.4 160 40
0.8 4.6 160 40
0.8 4.8 160 40
0.8 5.0 160 40
0.8 5.2 160 40
0.8 5.4 160 40
0.8 5.6 160 40
0.8 5.8 160 40
0.8 6.0 90 20
0.8 6.2 90 20
0.8 6.4 90 20
0.8 6.6 90 20
0.8 6.8 90 20
0.8 7.0 100 20
0.8 7.2 100 20
0.8 7.4 100 20
0.8 7.6 110 20
0.8 7.8 110 20
0.8 8.0 110 20
0.8 8.2 120 20
0.8 8.4 120 20
0.8 8.6 120 20
0.8 8.8 130 20
0.8 9.0 130 20
0.8 9.2 130 20
0.8 9.4 140 20
0.8 9.6 140 20
0.8 9.8 140 20
1.0 0.2 40 160
1.0 0.4 40 160
1.0 0.6 40 160
1.0 0.8 40 160
1.0 1.0 40 160
1.0 1.2 40 160
1.0 1.4 60 140
1.0 1.6 80 120
1.0 1.8 90 110
1.0 2.0 100 100
1.0 2.2 110 90
1.0 2.4 120 80
1.0 2.6 120 80
1.0 2.8 130 70
1.0 3.0 130 70
1.0 3.2 140 60
1.0 3.4 140 60
1.0 3.6 150 50
1.0 3.8 150 50
1.0 4.0 150 50
1.0 4.2 150 50
1.0 4.4 160 40
1.0 4.6 160 40
1.0 4.8 160 40
1.0 5.0 160 40
1.0 5.2 160 40
1.0 5.4 160 40
1.0 5.6 160 40
1.0 5.8 160 40
1.0 6.0 90 20
1.0 6.2 90 20
1.0 6.4 90 20
1.0 6.6 90 20
1.0 6.8 90 20
1.0 7.0 100 20
1.0 7.2 100 20
1.0 7.4 100 20
1.0 7.6 110 20
1.0 7.8 110 20
1.0 8.0 110 20
1.0 8.2 120 20
1.0 8.4 120 20
1.0 8.6 120 20
1.0 8.8 130 20
1.0 9.0 130 20
1.0 9.2 130 20
1.0 9.4 140 20
1.0 9.6 140 20
1.0 9.8 140 20
1.2 0.2 20 160
1.2 0.4 20 160
1.2 0.6 20 160
1.2 0.8 20 160
1.2 1.0 20 160
1.2 1.2 40 160
1.2 1.4 60 140
1.2 1.6 40 60
1.2 1.8 60 80
1.2 2.0 50 50
1.2 2.2 70 60
1.2 2.4 60 40
1.2 2.6 60 40
1.2 2.8 80 40
1.2 3.0 80 40
1.2 3.2 80 40
1.2 3.4 70 30
1.2 3.6 70 30
1.2 3.8 90 20
1.2 4.0 90 20
1.2 4.2 90 20
1.2 4.4 90 20
1.2 4.6 90 20
1.2 4.8 90 20
1.2 5.0 90 20
1.2 5.2 90 20
1.2 5.4 90 20
1.2 5.6 90 20
1.2 5.8 90 20
1.2 6.0 90 20
1.2 6.2 90 20
1.2 6.4 90 20
1.2 6.6 90 20
1.2 6.8 90 20
1.2 7.0 90 20
1.2 7.2 90 20
1.2 7.4 90 20
1.2 7.6 90 20
1.2 7.8 90 20
1.2 8.0 90 20
1.2 8.2 90 20
1.2 8.4 90 20
1.2 8.6 90 20
1.2 8.8 90 20
1.2 9.0 90 20
1.2 9.2 90 20
1.2 9.4 90 20
1.2 9.6 90 20
1.2 9.8 90 20
1.4 0.2 20 160
1.4 0.4 20 160
1.4 0.6 20 160
1.4 0.8 20 160
1.4 1.0 20 160
1.4 1.2 20 80
1.4 1.4 30 70
1.4 1.6 40 60
1.4 1.8 50 50
1.4 2.0 50 50
1.4 2.2 40 40
1.4 2.4 50 30
1.4 2.6 50 30
1.4 2.8 50 30
1.4 3.0 50 30
1.4 3.2 50 20
1.4 3.4 50 20
1.4 3.6 50 20
1.4 3.8 50 20
1.4 4.0 50 20
1.4 4.2 50 20
1.4 4.4 60 20
1.4 4.6 60 20
1.4 4.8 60 20
1.4 5.0 60 20
1.4 5.2 60 20
1.4 5.4 60 20
1.4 5.6 60 20
1.4 5.8 60 20
1.4 6.0 60 20
1.4 6.2 60 20
1.4 6.4 60 20
1.4 6.6 60 20
1.4 6.8 60 20
1.4 7.0 60 20
1.4 7.2 60 20
1.4 7.4 100 20
1.4 7.6 110 20
1.4 7.8 110 20
1.4 8.0 110 20
1.4 8.2 110 20
1.4 8.4 110 20
1.4 8.6 110 20
1.4 8.8 110 20
1.4 9.0 110 20
1.4 9.2 110 20
1.4 9.4 110 20
1.4 9.6 110 20
1.4 9.8 110 20
1.6 0.2 20 160
1.6 0.4 20 160
1.6 0.6 20 160
1.6 0.8 20 160
1.6 1.0 20 160
1.6 1.2 20 80
1.6 1.4 30 70
1.6 1.6 40 60
1.6 1.8 30 40
1.6 2.0 40 40
1.6 2.2 40 40
1.6 2.4 40 30
1.6 2.6 40 30
1.6 2.8 50 30
1.6 3.0 50 30
1.6 3.2 40 20
1.6 3.4 40 20
1.6 3.6 40 20
1.6 3.8 40 20
1.6 4.0 40 20
1.6 4.2 50 20
1.6 4.4 50 20
1.6 4.6 60 20
1.6 4.8 60 20
1.6 5.0 60 20
1.6 5.2 60 20
1.6 5.4 60 20
1.6 5.6 60 20
1.6 5.8 60 20
1.6 6.0 60 20
1.6 6.2 60 20
1.6 6.4 60 20
1.6 6.6 60 20
1.6 6.8 60 20
1.6 7.0 60 20
1.6 7.2 60 20
1.6 7.4 60 20
1.6 7.6 50 20
1.6 7.8 60 20
1.6 8.0 50 20
1.6 8.2 60 20
1.6 8.4 50 20
1.6 8.6 50 20
1.6 8.8 60 20
1.6 9.0 50 20
1.6 9.2 60 20
1.6 9.4 50 20
1.6 9.6 60 20
1.6 9.8 60 20
1.8 0.2 20 160
1.8 0.4 20 160
1.8 0.6 20 160
1.8 0.8 20 160
1.8 1.0 20 160
1.8 1.2 20 80
1.8 1.4 30 70
1.8 1.6 20 40
1.8 1.8 30 40
1.8 2.0 40 40
1.8 2.2 30 30
1.8 2.4 40 30
1.8 2.6 40 30
1.8 2.8 30 20
1.8 3.0 30 20
1.8 3.2 30 20
1.8 3.4 30 20
1.8 3.6 40 20
1.8 3.8 40 20
1.8 4.0 40 20
1.8 4.2 40 20
1.8 4.4 40 20
1.8 4.6 40 20
1.8 4.8 60 20
1.8 5.0 60 20
1.8 5.2 60 20
1.8 5.4 60 20
1.8 5.6 60 20
1.8 5.8 60 20
1.8 6.0 60 20
1.8 6.2 60 20
1.8 6.4 60 20
1.8 6.6 60 20
1.8 6.8 60 20
1.8 7.0 60 20
1.8 7.2 60 20
1.8 7.4 60 20
1.8 7.6 60 20
1.8 7.8 60 20
1.8 8.0 60 20
1.8 8.2 60 20
1.8 8.4 60 20
1.8 8.6 60 20
1.8 8.8 60 20
1.8 9.0 60 20
1.8 9.2 60 20
1.8 9.4 60 20
1.8 9.6 60 20
1.8 9.8 60 20
2.0 0.2 20 160
2.0 0.4 20 160
2.0 0.6 20 160
2.0 0.8 20 160
2.0 1.0 20 160
2.0 1.2 20 80
2.0 1.4 30 70
2.0 1.6 20 40
2.0 1.8 30 40
2.0 2.0 40 40
2.0 2.2 30 30
2.0 2.4 20 20
2.0 2.6 40 30
2.0 2.8 30 20
2.0 3.0 30 20
2.0 3.2 30 20
2.0 3.4 30 20
2.0 3.6 40 20
2.0 3.8 40 20
2.0 4.0 40 20
2.0 4.2 40 20
2.0 4.4 40 20
2.0 4.6 40 20
2.0 4.8 40 20
2.0 5.0 40 20
2.0 5.2 40 20
2.0 5.4 40 20
2.0 5.6 40 20
2.0 5.8 40 20
2.0 6.0 40 20
2.0 6.2 40 20
2.0 6.4 40 20
2.0 6.6 40 20
2.0 6.8 40 20
2.0 7.0 40 20
2.0 7.2 50 30
2.0 7.4 40 20
2.0 7.6 40 20
2.0 7.8 50 30
2.0 8.0 40 20
2.0 8.2 50 30
2.0 8.4 40 20
2.0 8.6 50 20
2.0 8.8 50 30
2.0 9.0 50 20
2.0 9.2 50 30
2.0 9.4 40 20
2.0 9.6 50 30
2.0 9.8 50 30
2.2 0.2 20 160
2.2 0.4 20 160
2.2 0.6 20 160
2.2 0.8 20 160
2.2 1.0 20 160
2.2 1.2 20 80
2.2 1.4 30 70
2.2 1.6 20 40
2.2 1.8 30 40
2.2 2.0 30 30
2.2 2.2 30 30
2.2 2.4 20 20
2.2 2.6 20 20
2.2 2.8 30 20
2.2 3.0 30 20
2.2 3.2 30 20
2.2 3.4 30 20
2.2 3.6 40 20
2.2 3.8 40 20
2.2 4.0 40 20
2.2 4.2 40 20
2.2 4.4 40 20
2.2 4.6 40 20
2.2 4.8 40 20
2.2 5.0 40 20
2.2 5.2 40 20
2.2 5.4 40 20
2.2 5.6 40 20
2.2 5.8 40 20
2.2 6.0 40 20
2.2 6.2 40 20
2.2 6.4 40 20
2.2 6.6 40 20
2.2 6.8 40 20
2.2 7.0 40 20
2.2 7.2 40 20
2.2 7.4 40 20
2.2 7.6 40 20
2.2 7.8 40 20
2.2 8.0 40 20
2.2 8.2 40 20
2.2 8.4 40 20
2.2 8.6 40 20
2.2 8.8 40 20
2.2 9.0 40 20
2.2 9.2 40 20
2.2 9.4 40 20
2.2 9.6 40 20
2.2 9.8 40 20
2.4 0.2 20 160
2.4 0.4 20 160
2.4 0.6 20 160
2.4 0.8 20 160
2.4 1.0 20 160
2.4 1.2 20 80
2.4 1.4 30 70
2.4 1.6 20 40
2.4 1.8 30 40
2.4 2.0 30 40
2.4 2.2 30 30
2.4 2.4 20 20
2.4 2.6 20 20
2.4 2.8 20 20
2.4 3.0 20 20
2.4 3.2 20 20
2.4 3.4 20 20
2.4 3.6 40 20
2.4 3.8 40 20
2.4 4.0 40 20
2.4 4.2 40 20
2.4 4.4 40 20
2.4 4.6 40 20
2.4 4.8 40 20
2.4 5.0 40 20
2.4 5.2 40 20
2.4 5.4 40 20
2.4 5.6 40 20
2.4 5.8 40 20
2.4 6.0 40 20
2.4 6.2 40 20
2.4 6.4 40 20
2.4 6.6 40 20
2.4 6.8 40 20
2.4 7.0 40 20
2.4 7.2 40 20
2.4 7.4 40 20
2.4 7.6 40 20
2.4 7.8 40 20
2.4 8.0 40 20
2.4 8.2 40 20
2.4 8.4 40 20
2.4 8.6 40 20
2.4 8.8 40 20
2.4 9.0 40 20
2.4 9.2 40 20
2.4 9.4 40 20
2.4 9.6 40 20
2.4 9.8 40 20
2.6 0.2 20 160
2.6 0.4 20 160
2.6 0.6 20 160
2.6 0.8 20 160
2.6 1.0 20 160
2.6 1.2 20 80
2.6 1.4 20 50
2.6 1.6 20 40
2.6 1.8 20 30
2.6 2.0 30 40
2.6 2.2 30 40
2.6 2.4 20 20
2.6 2.6 20 20
2.6 2.8 20 20
2.6 3.0 20 20
2.6 3.2 20 20
2.6 3.4 20 20
2.6 3.6 40 20
2.6 3.8 40 20
2.6 4.0 40 20
2.6 4.2 40 20
2.6 4.4 40 20
2.6 4.6 40 20
2.6 4.8 40 20
2.6 5.0 40 20
2.6 5.2 40 20
2.6 5.4 40 20
2.6 5.6 40 20
2.6 5.8 40 20
2.6 6.0 40 20
2.6 6.2 40 20
2.6 6.4 40 20
2.6 6.6 40 20
2.6 6.8 40 20
2.6 7.0 40 20
2.6 7.2 40 20
2.6 7.4 40 20
2.6 7.6 40 20
2.6 7.8 40 20
2.6 8.0 40 20
2.6 8.2 40 20
2.6 8.4 40 20
2.6 8.6 40 20
2.6 8.8 40 20
2.6 9.0 40 20
2.6 9.2 40 20
2.6 9.4 40 20
2.6 9.6 40 20
2.6 9.8 40 20
2.8 0.2 20 160
2.8 0.4 20 160
2.8 0.6 20 160
2.8 0.8 20 160
2.8 1.0 20 160
2.8 1.2 20 80
2.8 1.4 20 50
2.8 1.6 20 40
2.8 1.8 20 30
2.8 2.0 20 30
2.8 2.2 30 30
2.8 2.4 20 20
2.8 2.6 20 20
2.8 2.8 20 20
2.8 3.0 20 20
2.8 3.2 20 20
2.8 3.4 30 30
2.8 3.6 40 20
2.8 3.8 40 20
2.8 4.0 40 20
2.8 4.2 40 20
2.8 4.4 40 20
2.8 4.6 40 20
2.8 4.8 40 20
2.8 5.0 40 20
2.8 5.2 40 20
2.8 5.4 40 20
2.8 5.6 40 20
2.8 5.8 40 20
2.8 6.0 40 20
2.8 6.2 40 20
2.8 6.4 40 20
2.8 6.6 40 20
2.8 6.8 40 20
2.8 7.0 40 20
2.8 7.2 40 20
2.8 7.4 40 20
2.8 7.6 40 20
2.8 7.8 40 20
2.8 8.0 40 20
2.8 8.2 40 20
2.8 8.4 40 20
2.8 8.6 40 20
2.8 8.8 40 20
2.8 9.0 40 20
2.8 9.2 40 20
2.8 9.4 40 20
2.8 9.6 40 20
2.8 9.8 40 20
3.0 0.2 20 160
3.0 0.4 20 160
3.0 0.6 20 160
3.0 0.8 20 160
3.0 1.0 20 160
3.0 1.2 20 80
3.0 1.4 20 50
3.0 1.6 20 40
3.0 1.8 20 30
3.0 2.0 20 30
3.0 2.2 20 30
3.0 2.4 20 20
3.0 2.6 20 20
3.0 2.8 20 20
3.0 3.0 20 20
3.0 3.2 20 20
3.0 3.4 30 30
3.0 3.6 30 30
3.0 3.8 30 30
3.0 4.0 30 30
3.0 4.2 30 30
3.0 4.4 30 30
3.0 4.6 30 30
3.0 4.8 30 30
3.0 5.0 30 30
3.0 5.2 30 30
3.0 5.4 30 30
3.0 5.6 30 50
3.0 5.8 30 50
3.0 6.0 30 50
3.0 6.2 30 50
3.0 6.4 30 50
3.0 6.6 30 30
3.0 6.8 30 30
3.0 7.0 30 30
3.0 7.2 30 30
3.0 7.4 30 30
3.0 7.6 30 30
3.0 7.8 30 30
3.0 8.0 30 30
3.0 8.2 30 30
3.0 8.4 30 30
3.0 8.6 30 30
3.0 8.8 30 30
3.0 9.0 30 30
3.0 9.2 30 30
3.0 9.4 30 30
3.0 9.6 30 30
3.0 9.8 30 30
3.2 0.2 20 160
3.2 0.4 20 160
3.2 0.6 20 160
3.2 0.8 20 160
3.2 1.0 20 160
3.2 1.2 20 80
3.2 1.4 20 50
3.2 1.6 20 40
3.2 1.8 20 30
3.2 2.0 20 30
3.2 2.2 20 30
3.2 2.4 20 20
3.2 2.6 20 20
3.2 2.8 20 20
3.2 3.0 20 20
3.2 3.2 20 20
3.2 3.4 30 30
3.2 3.6 30 30
3.2 3.8 30 30
3.2 4.0 30 30
3.2 4.2 30 30
3.2 4.4 30 30
3.2 4.6 30 30
3.2 4.8 30 30
3.2 5.0 30 30
3.2 5.2 30 30
3.2 5.4 30 30
3.2 5.6 30 50
3.2 5.8 30 50
3.2 6.0 30 50
3.2 6.2 30 50
3.2 6.4 30 50
3.2 6.6 30 30
3.2 6.8 30 30
3.2 7.0 30 30
3.2 7.2 30 30
3.2 7.4 30 30
3.2 7.6 30 30
3.2 7.8 30 30
3.2 8.0 30 30
3.2 8.2 30 30
3.2 8.4 30 30
3.2 8.6 30 30
3.2 8.8 30 30
3.2 9.0 30 30
3.2 9.2 30 30
3.2 9.4 30 30
3.2 9.6 30 30
3.2 9.8 30 30
3.4 0.2 20 160
3.4 0.4 20 160
3.4 0.6 20 160
3.4 0.8 20 160
3.4 1.0 20 160
3.4 1.2 20 80
3.4 1.4 20 50
3.4 1.6 20 40
3.4 1.8 20 30
3.4 2.0 20 30
3.4 2.2 20 30
3.4 2.4 20 20
3.4 2.6 20 20
3.4 2.8 20 20
3.4 3.0 20 20
3.4 3.2 20 20
3.4 3.4 20 20
3.4 3.6 20 20
3.4 3.8 30 30
3.4 4.0 30 30
3.4 4.2 30 30
3.4 4.4 30 30
3.4 4.6 30 30
3.4 4.8 30 30
3.4 5.0 30 30
3.4 5.2 30 30
3.4 5.4 30 30
3.4 5.6 30 50
3.4 5.8 30 50
3.4 6.0 30 50
3.4 6.2 30 50
3.4 6.4 30 50
3.4 6.6 30 30
3.4 6.8 30 30
3.4 7.0 30 30
3.4 7.2 30 30
3.4 7.4 30 30
3.4 7.6 30 30
3.4 7.8 30 30
3.4 8.0 30 30
3.4 8.2 30 30
3.4 8.4 30 30
3.4 8.6 30 30
3.4 8.8 30 30
3.4 9.0 30 30
3.4 9.2 30 30
3.4 9.4 30 30
3.4 9.6 30 30
3.4 9.8 30 30
3.6 0.2 20 160
3.6 0.4 20 160
3.6 0.6 20 160
3.6 0.8 20 160
3.6 1.0 20 160
3.6 1.2 20 80
3.6 1.4 20 50
3.6 1.6 20 40
3.6 1.8 20 40
3.6 2.0 20 30
3.6 2.2 20 30
3.6 2.4 20 20
3.6 2.6 20 20
3.6 2.8 20 20
3.6 3.0 20 20
3.6 3.2 20 20
3.6 3.4 20 20
3.6 3.6 20 20
3.6 3.8 20 40
3.6 4.0 20 40
3.6 4.2 20 40
3.6 4.4 20 40
3.6 4.6 20 40
3.6 4.8 20 40
3.6 5.0 20 40
3.6 5.2 20 40
3.6 5.4 20 40
3.6 5.6 30 50
3.6 5.8 30 50
3.6 6.0 30 50
3.6 6.2 30 50
3.6 6.4 30 50
3.6 6.6 20 40
3.6 6.8 20 40
3.6 7.0 20 40
3.6 7.2 20 40
3.6 7.4 20 40
3.6 7.6 20 40
3.6 7.8 20 40
3.6 8.0 20 40
3.6 8.2 20 40
3.6 8.4 20 40
3.6 8.6 20 40
3.6 8.8 20 40
3.6 9.0 20 40
3.6 9.2 20 40
3.6 9.4 20 40
3.6 9.6 20 40
3.6 9.8 20 40
3.8 0.2 20 160
3.8 0.4 20 160
3.8 0.6 20 160
3.8 0.8 20 160
3.8 1.0 20 160
3.8 1.2 20 80
3.8 1.4 20 50
3.8 1.6 20 40
3.8 1.8 20 30
3.8 2.0 20 30
3.8 2.2 20 30
3.8 2.4 20 20
3.8 2.6 20 20
3.8 2.8 20 20
3.8 3.0 20 20
3.8 3.2 20 20
3.8 3.4 20 20
3.8 3.6 20 20
3.8 3.8 20 20
3.8 4.0 20 20
3.8 4.2 20 20
3.8 4.4 20 20
3.8 4.6 20 20
3.8 4.8 20 40
3.8 5.0 20 40
3.8 5.2 20 40
3.8 5.4 20 40
3.8 5.6 30 50
3.8 5.8 30 50
3.8 6.0 30 50
3.8 6.2 30 50
3.8 6.4 30 50
3.8 6.6 20 40
3.8 6.8 20 40
3.8 7.0 20 40
3.8 7.2 20 40
3.8 7.4 20 40
3.8 7.6 20 40
3.8 7.8 20 40
3.8 8.0 20 40
3.8 8.2 20 40
3.8 8.4 20 40
3.8 8.6 20 40
3.8 8.8 20 40
3.8 9.0 20 40
3.8 9.2 20 40
3.8 9.4 20 40
3.8 9.6 20 40
3.8 9.8 20 40
4.0 0.2 20 160
4.0 0.4 20 160
4.0 0.6 20 160
4.0 0.8 20 160
4.0 1.0 20 160
4.0 1.2 20 80
4.0 1.4 20 50
4.0 1.6 20 50
4.0 1.8 20 30
4.0 2.0 20 30
4.0 2.2 20 30
4.0 2.4 20 20
4.0 2.6 20 20
4.0 2.8 20 20
4.0 3.0 20 20
4.0 3.2 20 20
4.0 3.4 20 20
4.0 3.6 20 20
4.0 3.8 20 20
4.0 4.0 20 20
4.0 4.2 20 20
4.0 4.4 30 50
4.0 4.6 30 50
4.0 4.8 30 50
4.0 5.0 30 50
4.0 5.2 30 50
4.0 5.4 30 50
4.0 5.6 30 50
4.0 5.8 30 50
4.0 6.0 30 50
4.0 6.2 30 50
4.0 6.4 30 50
4.0 6.6 30 50
4.0 6.8 30 50
4.0 7.0 30 50
4.0 7.2 30 50
4.0 7.4 20 40
4.0 7.6 30 50
4.0 7.8 30 50
4.0 8.0 20 40
4.0 8.2 30 50
4.0 8.4 20 40
4.0 8.6 30 50
4.0 8.8 20 40
4.0 9.0 30 50
4.0 9.2 20 40
4.0 9.4 20 40
4.0 9.6 20 40
4.0 9.8 20 40
4.2 0.2 20 160
4.2 0.4 20 160
4.2 0.6 20 160
4.2 0.8 20 160
4.2 1.0 20 160
4.2 1.2 20 80
4.2 1.4 20 60
4.2 1.6 20 50
4.2 1.8 20 30
4.2 2.0 20 30
4.2 2.2 20 30
4.2 2.4 20 20
4.2 2.6 20 20
4.2 2.8 20 20
4.2 3.0 20 20
4.2 3.2 20 20
4.2 3.4 20 20
4.2 3.6 20 20
4.2 3.8 20 20
4.2 4.0 20 20
4.2 4.2 20 20
4.2 4.4 30 50
4.2 4.6 30 50
4.2 4.8 30 50
4.2 5.0 30 50
4.2 5.2 30 50
4.2 5.4 30 50
4.2 5.6 30 50
4.2 5.8 30 50
4.2 6.0 30 50
4.2 6.2 30 50
4.2 6.4 30 50
4.2 6.6 30 50
4.2 6.8 30 50
4.2 7.0 30 50
4.2 7.2 30 50
4.2 7.4 20 40
4.2 7.6 30 50
4.2 7.8 30 50
4.2 8.0 20 40
4.2 8.2 30 50
4.2 8.4 20 40
4.2 8.6 30 50
4.2 8.8 20 40
4.2 9.0 30 50
4.2 9.2 20 40
4.2 9.4 20 40
4.2 9.6 20 40
4.2 9.8 20 40
4.4 0.2 20 160
4.4 0.4 20 160
4.4 0.6 20 160
4.4 0.8 20 160
4.4 1.0 20 160
4.4 1.2 20 80
4.4 1.4 20 60
4.4 1.6 20 50
4.4 1.8 20 50
4.4 2.0 20 30
4.4 2.2 20 30
4.4 2.4 20 20
4.4 2.6 20 20
4.4 2.8 20 20
4.4 3.0 20 20
4.4 3.2 20 20
4.4 3.4 20 20
4.4 3.6 20 20
4.4 3.8 20 20
4.4 4.0 20 20
4.4 4.2 20 20
4.4 4.4 20 20
4.4 4.6 20 20
4.4 4.8 20 40
4.4 5.0 20 40
4.4 5.2 20 40
4.4 5.4 20 40
4.4 5.6 30 50
4.4 5.8 30 50
4.4 6.0 30 50
4.4 6.2 30 50
4.4 6.4 30 50
4.4 6.6 20 40
4.4 6.8 20 40
4.4 7.0 20 40
4.4 7.2 20 40
4.4 7.4 20 40
4.4 7.6 20 40
4.4 7.8 20 40
4.4 8.0 20 40
4.4 8.2 20 40
4.4 8.4 20 40
4.4 8.6 20 40
4.4 8.8 20 40
4.4 9.0 20 40
4.4 9.2 20 40
4.4 9.4 20 40
4.4 9.6 20 40
4.4 9.8 20 40
4.6 0.2 20 160
4.6 0.4 20 160
4.6 0.6 20 160
4.6 0.8 20 160
4.6 1.0 20 160
4.6 1.2 20 80
4.6 1.4 20 60
4.6 1.6 20 50
4.6 1.8 20 50
4.6 2.0 20 30
4.6 2.2 20 60
4.6 2.4 20 20
4.6 2.6 20 20
4.6 2.8 20 20
4.6 3.0 20 20
4.6 3.2 20 20
4.6 3.4 20 20
4.6 3.6 20 20
4.6 3.8 20 20
4.6 4.0 20 20
4.6 4.2 20 20
4.6 4.4 30 50
4.6 4.6 30 50
4.6 4.8 30 50
4.6 5.0 30 50
4.6 5.2 30 50
4.6 5.4 30 50
4.6 5.6 30 50
4.6 5.8 30 50
4.6 6.0 30 50
4.6 6.2 30 50
4.6 6.4 30 50
4.6 6.6 30 50
4.6 6.8 30 50
4.6 7.0 30 50
4.6 7.2 30 50
4.6 7.4 20 40
4.6 7.6 30 50
4.6 7.8 30 50
4.6 8.0 20 40
4.6 8.2 30 50
4.6 8.4 20 40
4.6 8.6 30 50
4.6 8.8 20 40
4.6 9.0 30 50
4.6 9.2 20 40
4.6 9.4 20 40
4.6 9.6 20 40
4.6 9.8 20 40
4.8 0.2 20 160
4.8 0.4 20 160
4.8 0.6 20 160
4.8 0.8 20 160
4.8 1.0 20 160
4.8 1.2 20 80
4.8 1.4 20 60
4.8 1.6 20 50
4.8 1.8 20 50
4.8 2.0 20 30
4.8 2.2 20 60
4.8 2.4 20 20
4.8 2.6 20 20
4.8 2.8 20 20
4.8 3.0 20 20
4.8 3.2 20 20
4.8 3.4 20 20
4.8 3.6 20 20
4.8 3.8 20 20
4.8 4.0 20 20
4.8 4.2 20 20
4.8 4.4 20 20
4.8 4.6 20 20
4.8 4.8 30 50
4.8 5.0 30 50
4.8 5.2 30 50
4.8 5.4 30 50
4.8 5.6 30 50
4.8 5.8 30 50
4.8 6.0 30 50
4.8 6.2 30 50
4.8 6.4 30 50
4.8 6.6 30 50
4.8 6.8 30 50
4.8 7.0 30 50
4.8 7.2 30 50
4.8 7.4 20 40
4.8 7.6 30 50
4.8 7.8 30 50
4.8 8.0 20 40
4.8 8.2 30 50
4.8 8.4 20 40
4.8 8.6 30 50
4.8 8.8 20 40
4.8 9.0 30 50
4.8 9.2 20 40
4.8 9.4 20 40
4.8 9.6 20 40
4.8 9.8 20 40
5.0 0.2 20 160
5.0 0.4 20 160
5.0 0.6 20 160
5.0 0.8 20 160
5.0 1.0 20 160
5.0 1.2 20 80
5.0 1.4 20 60
5.0 1.6 20 50
5.0 1.8 20 50
5.0 2.0 20 30
5.0 2.2 20 60
5.0 2.4 20 20
5.0 2.6 20 20
5.0 2.8 20 20
5.0 3.0 20 20
5.0 3.2 20 20
5.0 3.4 20 20
5.0 3.6 20 20
5.0 3.8 20 20
5.0 4.0 20 20
5.0 4.2 20 20
5.0 4.4 20 20
5.0 4.6 20 20
5.0 4.8 30 50
5.0 5.0 30 50
5.0 5.2 30 50
5.0 5.4 30 50
5.0 5.6 30 50
5.0 5.8 30 50
5.0 6.0 30 50
5.0 6.2 30 50
5.0 6.4 30 50
5.0 6.6 30 50
5.0 6.8 30 50
5.0 7.0 30 50
5.0 7.2 30 50
5.0 7.4 20 40
5.0 7.6 30 50
5.0 7.8 30 50
5.0 8.0 20 40
5.0 8.2 30 50
5.0 8.4 20 40
5.0 8.6 30 50
5.0 8.8 20 40
5.0 9.0 30 50
5.0 9.2 20 40
5.0 9.4 20 40
5.0 9.6 20 40
5.0 9.8 20 40
5.2 0.2 20 160
5.2 0.4 20 160
5.2 0.6 20 160
5.2 0.8 20 160
5.2 1.0 20 160
5.2 1.2 20 80
5.2 1.4 20 60
5.2 1.6 20 50
5.2 1.8 20 50
5.2 2.0 20 30
5.2 2.2 20 60
5.2 2.4 20 20
5.2 2.6 20 20
5.2 2.8 20 20
5.2 3.0 20 20
5.2 3.2 20 20
5.2 3.4 20 20
5.2 3.6 20 20
5.2 3.8 20 20
5.2 4.0 20 20
5.2 4.2 20 20
5.2 4.4 20 20
5.2 4.6 20 20
5.2 4.8 30 50
5.2 5.0 30 50
5.2 5.2 30 50
5.2 5.4 30 50
5.2 5.6 30 50
5.2 5.8 30 50
5.2 6.0 30 50
5.2 6.2 30 50
5.2 6.4 30 50
5.2 6.6 30 50
5.2 6.8 30 50
5.2 7.0 30 50
5.2 7.2 30 50
5.2 7.4 20 40
5.2 7.6 30 50
5.2 7.8 30 50
5.2 8.0 20 40
5.2 8.2 30 50
5.2 8.4 20 40
5.2 8.6 30 50
5.2 8.8 20 40
5.2 9.0 30 50
5.2 9.2 20 40
5.2 9.4 20 40
5.2 9.6 20 40
5.2 9.8 20 40
5.4 0.2 20 160
5.4 0.4 20 160
5.4 0.6 20 160
5.4 0.8 20 160
5.4 1.0 20 160
5.4 1.2 20 80
5.4 1.4 20 60
5.4 1.6 20 50
5.4 1.8 20 50
5.4 2.0 20 30
5.4 2.2 20 60
5.4 2.4 20 20
5.4 2.6 20 20
5.4 2.8 20 20
5.4 3.0 20 20
5.4 3.2 20 20
5.4 3.4 20 20
5.4 3.6 20 20
5.4 3.8 20 20
5.4 4.0 20 20
5.4 4.2 20 20
5.4 4.4 20 20
5.4 4.6 20 20
5.4 4.8 20 20
5.4 5.0 20 20
5.4 5.2 20 20
5.4 5.4 30 50
5.4 5.6 30 50
5.4 5.8 30 50
5.4 6.0 30 50
5.4 6.2 30 50
5.4 6.4 30 50
5.4 6.6 30 50
5.4 6.8 30 50
5.4 7.0 30 50
5.4 7.2 160 30
5.4 7.4 160 30
5.4 7.6 30 50
5.4 7.8 160 30
5.4 8.0 160 30
5.4 8.2 160 30
5.4 8.4 160 30
5.4 8.6 30 50
5.4 8.8 160 30
5.4 9.0 160 30
5.4 9.2 160 30
5.4 9.4 160 30
5.4 9.6 160 30
5.4 9.8 160 30
5.6 0.2 20 160
5.6 0.4 20 160
5.6 0.6 20 160
5.6 0.8 20 160
5.6 1.0 20 160
5.6 1.2 20 80
5.6 1.4 20 70
5.6 1.6 20 50
5.6 1.8 20 50
5.6 2.0 20 30
5.6 2.2 20 30
5.6 2.4 20 20
5.6 2.6 20 20
5.6 2.8 20 20
5.6 3.0 20 20
5.6 3.2 20 20
5.6 3.4 20 20
5.6 3.6 20 20
5.6 3.8 20 20
5.6 4.0 20 20
5.6 4.2 20 20
5.6 4.4 20 20
5.6 4.6 20 20
5.6 4.8 30 50
5.6 5.0 30 50
5.6 5.2 30 50
5.6 5.4 30 50
5.6 5.6 30 50
5.6 5.8 30 50
5.6 6.0 30 50
5.6 6.2 30 50
5.6 6.4 30 50
5.6 6.6 30 50
5.6 6.8 30 50
5.6 7.0 30 50
5.6 7.2 160 30
5.6 7.4 160 30
5.6 7.6 30 50
5.6 7.8 160 30
5.6 8.0 160 30
5.6 8.2 160 30
5.6 8.4 160 30
5.6 8.6 30 50
5.6 8.8 160 30
5.6 9.0 160 30
5.6 9.2 160 30
5.6 9.4 160 30
5.6 9.6 160 30
5.6 9.8 160 30
5.8 0.2 20 160
5.8 0.4 20 160
5.8 0.6 20 160
5.8 0.8 20 160
5.8 1.0 20 160
5.8 1.2 20 80
5.8 1.4 20 80
5.8 1.6 20 50
5.8 1.8 20 50
5.8 2.0 20 30
5.8 2.2 20 30
5.8 2.4 20 20
5.8 2.6 20 20
5.8 2.8 20 20
5.8 3.0 20 20
5.8 3.2 20 20
5.8 3.4 20 20
5.8 3.6 20 20
5.8 3.8 20 20
5.8 4.0 20 20
5.8 4.2 20 20
5.8 4.4 20 20
5.8 4.6 20 20
5.8 4.8 30 50
5.8 5.0 30 50
5.8 5.2 30 50
5.8 5.4 30 50
5.8 5.6 30 50
5.8 5.8 30 50
5.8 6.0 30 50
5.8 6.2 30 50
5.8 6.4 30 50
5.8 6.6 30 50
5.8 6.8 30 50
5.8 7.0 30 50
5.8 7.2 160 30
5.8 7.4 160 30
5.8 7.6 30 50
5.8 7.8 160 30
5.8 8.0 160 30
5.8 8.2 160 30
5.8 8.4 160 30
5.8 8.6 30 50
5.8 8.8 160 30
5.8 9.0 160 30
5.8 9.2 160 30
5.8 9.4 160 30
5.8 9.6 160 30
5.8 9.8 160 30
6.0 0.2 20 160
6.0 0.4 20 160
6.0 0.6 20 160
6.0 0.8 20 160
6.0 1.0 20 160
6.0 1.2 20 90
6.0 1.4 20 90
6.0 1.6 20 50
6.0 1.8 20 50
6.0 2.0 20 30
6.0 2.2 20 30
6.0 2.4 20 20
6.0 2.6 20 20
6.0 2.8 20 20
6.0 3.0 20 20
6.0 3.2 20 20
6.0 3.4 20 20
6.0 3.6 20 20
6.0 3.8 20 20
6.0 4.0 20 20
6.0 4.2 20 20
6.0 4.4 20 20
6.0 4.6 20 20
6.0 4.8 30 50
6.0 5.0 30 50
6.0 5.2 30 50
6.0 5.4 30 50
6.0 5.6 30 50
6.0 5.8 30 50
6.0 6.0 30 50
6.0 6.2 30 50
6.0 6.4 30 50
6.0 6.6 30 50
6.0 6.8 30 50
6.0 7.0 30 50
6.0 7.2 160 30
6.0 7.4 160 30
6.0 7.6 30 50
6.0 7.8 160 30
6.0 8.0 160 30
6.0 8.2 160 30
6.0 8.4 160 30
6.0 8.6 30 50
6.0 8.8 160 30
6.0 9.0 160 30
6.0 9.2 160 30
6.0 9.4 160 30
6.0 9.6 160 30
6.0 9.8 160 30
6.2 0.2 20 160
6.2 0.4 20 160
6.2 0.6 20 160
6.2 0.8 20 160
6.2 1.0 20 160
6.2 1.2 20 90
6.2 1.4 20 90
6.2 1.6 20 50
6.2 1.8 20 50
6.2 2.0 20 30
6.2 2.2 20 30
6.2 2.4 20 20
6.2 2.6 20 20
6.2 2.8 20 20
6.2 3.0 20 20
6.2 3.2 20 20
6.2 3.4 20 20
6.2 3.6 20 20
6.2 3.8 20 20
6.2 4.0 20 20
6.2 4.2 20 20
6.2 4.4 20 20
6.2 4.6 20 20
6.2 4.8 30 50
6.2 5.0 30 50
6.2 5.2 30 50
6.2 5.4 30 50
6.2 5.6 30 50
6.2 5.8 30 50
6.2 6.0 30 50
6.2 6.2 30 50
6.2 6.4 30 50
6.2 6.6 30 50
6.2 6.8 30 50
6.2 7.0 30 50
6.2 7.2 160 30
6.2 7.4 160 30
6.2 7.6 30 50
6.2 7.8 160 30
6.2 8.0 160 30
6.2 8.2 160 30
6.2 8.4 160 30
6.2 8.6 30 50
6.2 8.8 160 30
6.2 9.0 160 30
6.2 9.2 160 30
6.2 9.4 160 30
6.2 9.6 160 30
6.2 9.8 160 30
6.4 0.2 20 160
6.4 0.4 20 160
6.4 0.6 20 160
6.4 0.8 20 160
6.4 1.0 20 160
6.4 1.2 20 90
6.4 1.4 20 90
6.4 1.6 20 50
6.4 1.8 20 50
6.4 2.0 20 30
6.4 2.2 20 30
6.4 2.4 20 20
6.4 2.6 20 20
6.4 2.8 20 20
6.4 3.0 20 20
6.4 3.2 20 20
6.4 3.4 20 20
6.4 3.6 20 20
6.4 3.8 20 20
6.4 4.0 20 20
6.4 4.2 20 20
6.4 4.4 20 20
6.4 4.6 20 20
6.4 4.8 30 50
6.4 5.0 30 50
6.4 5.2 30 50
6.4 5.4 30 50
6.4 5.6 30 50
6.4 5.8 30 50
6.4 6.0 30 50
6.4 6.2 30 50
6.4 6.4 30 50
6.4 6.6 30 50
6.4 6.8 30 50
6.4 7.0 30 50
6.4 7.2 160 30
6.4 7.4 160 30
6.4 7.6 30 50
6.4 7.8 160 30
6.4 8.0 160 30
6.4 8.2 160 30
6.4 8.4 160 30
6.4 8.6 30 50
6.4 8.8 160 30
6.4 9.0 160 30
6.4 9.2 160 30
6.4 9.4 160 30
6.4 9.6 160 30
6.4 9.8 160 30
6.6 0.2 20 160
6.6 0.4 20 160
6.6 0.6 20 160
6.6 0.8 20 160
6.6 1.0 20 160
6.6 1.2 20 90
6.6 1.4 20 90
6.6 1.6 20 50
6.6 1.8 20 50
6.6 2.0 20 30
6.6 2.2 20 60
6.6 2.4 20 20
6.6 2.6 20 20
6.6 2.8 20 20
6.6 3.0 20 20
6.6 3.2 20 20
6.6 3.4 20 20
6.6 3.6 20 20
6.6 3.8 20 20
6.6 4.0 20 20
6.6 4.2 20 20
6.6 4.4 20 20
6.6 4.6 20 20
6.6 4.8 20 20
6.6 5.0 20 20
6.6 5.2 20 20
6.6 5.4 30 50
6.6 5.6 30 50
6.6 5.8 30 50
6.6 6.0 30 50
6.6 6.2 30 50
6.6 6.4 30 50
6.6 6.6 30 50
6.6 6.8 30 50
6.6 7.0 30 50
6.6 7.2 160 30
6.6 7.4 160 30
6.6 7.6 30 50
6.6 7.8 160 30
6.6 8.0 160 30
6.6 8.2 160 30
6.6 8.4 160 30
6.6 8.6 30 50
6.6 8.8 160 30
6.6 9.0 160 30
6.6 9.2 160 30
6.6 9.4 160 30
6.6 9.6 160 30
6.6 9.8 160 30
6.8 0.2 20 160
6.8 0.4 20 160
6.8 0.6 20 160
6.8 0.8 20 160
6.8 1.0 20 160
6.8 1.2 20 100
6.8 1.4 20 90
6.8 1.6 20 50
6.8 1.8 20 50
6.8 2.0 20 30
6.8 2.2 20 60
6.8 2.4 20 20
6.8 2.6 20 20
6.8 2.8 20 20
6.8 3.0 20 20
6.8 3.2 20 20
6.8 3.4 20 20
6.8 3.6 20 20
6.8 3.8 20 20
6.8 4.0 20 20
6.8 4.2 20 20
6.8 4.4 20 20
6.8 4.6 20 20
6.8 4.8 20 20
6.8 5.0 20 20
6.8 5.2 20 20
6.8 5.4 30 50
6.8 5.6 30 50
6.8 5.8 30 50
6.8 6.0 30 50
6.8 6.2 30 50
6.8 6.4 30 50
6.8 6.6 30 50
6.8 6.8 30 50
6.8 7.0 30 50
6.8 7.2 160 30
6.8 7.4 160 30
6.8 7.6 30 50
6.8 7.8 160 30
6.8 8.0 160 30
6.8 8.2 160 30
6.8 8.4 160 30
6.8 8.6 30 50
6.8 8.8 160 30
6.8 9.0 160 30
6.8 9.2 160 30
6.8 9.4 160 30
6.8 9.6 160 30
6.8 9.8 160 30
7.0 0.2 20 160
7.0 0.4 20 160
7.0 0.6 20 160
7.0 0.8 20 160
7.0 1.0 20 160
7.0 1.2 20 100
7.0 1.4 20 90
7.0 1.6 20 50
7.0 1.8 20 50
7.0 2.0 20 30
7.0 2.2 20 30
7.0 2.4 20 20
7.0 2.6 20 20
7.0 2.8 20 20
7.0 3.0 20 20
7.0 3.2 20 20
7.0 3.4 20 20
7.0 3.6 20 20
7.0 3.8 20 20
7.0 4.0 20 20
7.0 4.2 20 20
7.0 4.4 20 20
7.0 4.6 20 20
7.0 4.8 30 50
7.0 5.0 30 50
7.0 5.2 30 50
7.0 5.4 30 50
7.0 5.6 30 50
7.0 5.8 30 50
7.0 6.0 30 50
7.0 6.2 30 50
7.0 6.4 30 50
7.0 6.6 30 50
7.0 6.8 30 50
7.0 7.0 30 50
7.0 7.2 30 50
7.0 7.4 30 50
7.0 7.6 30 50
7.0 7.8 30 50
7.0 8.0 30 50
7.0 8.2 30 50
7.0 8.4 30 50
7.0 8.6 30 50
7.0 8.8 30 50
7.0 9.0 30 50
7.0 9.2 30 50
7.0 9.4 30 50
7.0 9.6 30 50
7.0 9.8 30 50
7.2 0.2 20 160
7.2 0.4 20 160
7.2 0.6 20 160
7.2 0.8 20 160
7.2 1.0 20 160
7.2 1.2 20 100
7.2 1.4 20 100
7.2 1.6 20 50
7.2 1.8 20 50
7.2 2.0 20 30
7.2 2.2 20 30
7.2 2.4 20 20
7.2 2.6 20 20
7.2 2.8 20 20
7.2 3.0 20 20
7.2 3.2 20 20
7.2 3.4 20 20
7.2 3.6 20 20
7.2 3.8 20 20
7.2 4.0 20 20
7.2 4.2 20 20
7.2 4.4 20 20
7.2 4.6 20 20
7.2 4.8 30 50
7.2 5.0 30 50
7.2 5.2 30 50
7.2 5.4 30 50
7.2 5.6 30 50
7.2 5.8 30 50
7.2 6.0 30 50
7.2 6.2 30 50
7.2 6.4 30 50
7.2 6.6 30 50
7.2 6.8 30 50
7.2 7.0 30 50
7.2 7.2 30 50
7.2 7.4 30 50
7.2 7.6 30 50
7.2 7.8 30 50
7.2 8.0 30 50
7.2 8.2 30 50
7.2 8.4 30 50
7.2 8.6 30 50
7.2 8.8 30 50
7.2 9.0 30 50
7.2 9.2 30 50
7.2 9.4 30 50
7.2 9.6 30 50
7.2 9.8 30 50
7.4 0.2 20 160
7.4 0.4 20 160
7.4 0.6 20 160
7.4 0.8 20 160
7.4 1.0 20 160
7.4 1.2 20 110
7.4 1.4 20 90
7.4 1.6 20 50
7.4 1.8 20 50
7.4 2.0 20 30
7.4 2.2 20 60
7.4 2.4 20 20
7.4 2.6 20 20
7.4 2.8 20 20
7.4 3.0 20 20
7.4 3.2 20 20
7.4 3.4 20 20
7.4 3.6 20 20
7.4 3.8 20 20
7.4 4.0 20 20
7.4 4.2 20 20
7.4 4.4 20 20
7.4 4.6 20 20
7.4 4.8 20 20
7.4 5.0 20 20
7.4 5.2 20 20
7.4 5.4 30 50
7.4 5.6 30 50
7.4 5.8 30 50
7.4 6.0 30 50
7.4 6.2 30 50
7.4 6.4 30 50
7.4 6.6 30 50
7.4 6.8 30 50
7.4 7.0 30 50
7.4 7.2 30 50
7.4 7.4 30 50
7.4 7.6 30 50
7.4 7.8 30 50
7.4 8.0 30 50
7.4 8.2 30 50
7.4 8.4 30 50
7.4 8.6 30 50
7.4 8.8 30 50
7.4 9.0 30 50
7.4 9.2 30 50
7.4 9.4 30 50
7.4 9.6 30 50
7.4 9.8 30 50
7.6 0.2 20 160
7.6 0.4 20 160
7.6 0.6 20 160
7.6 0.8 20 160
7.6 1.0 20 160
7.6 1.2 20 110
7.6 1.4 20 100
7.6 1.6 20 50
7.6 1.8 20 50
7.6 2.0 20 30
7.6 2.2 20 30
7.6 2.4 20 20
7.6 2.6 20 20
7.6 2.8 20 20
7.6 3.0 20 20
7.6 3.2 20 20
7.6 3.4 20 20
7.6 3.6 20 20
7.6 3.8 20 20
7.6 4.0 20 20
7.6 4.2 20 20
7.6 4.4 20 20
7.6 4.6 20 20
7.6 4.8 20 20
7.6 5.0 20 20
7.6 5.2 150 40
7.6 5.4 30 50
7.6 5.6 30 50
7.6 5.8 30 50
7.6 6.0 30 50
7.6 6.2 30 50
7.6 6.4 30 50
7.6 6.6 30 50
7.6 6.8 30 50
7.6 7.0 150 40
7.6 7.2 150 40
7.6 7.4 150 40
7.6 7.6 30 50
7.6 7.8 150 40
7.6 8.0 150 40
7.6 8.2 150 40
7.6 8.4 150 40
7.6 8.6 30 50
7.6 8.8 150 40
7.6 9.0 150 40
7.6 9.2 150 40
7.6 9.4 150 40
7.6 9.6 150 40
7.6 9.8 150 40
7.8 0.2 20 160
7.8 0.4 20 160
7.8 0.6 20 160
7.8 0.8 20 160
7.8 1.0 20 160
7.8 1.2 20 110
7.8 1.4 20 90
7.8 1.6 20 50
7.8 1.8 20 50
7.8 2.0 20 30
7.8 2.2 20 30
7.8 2.4 20 20
7.8 2.6 20 20
7.8 2.8 20 20
7.8 3.0 20 20
7.8 3.2 20 20
7.8 3.4 20 20
7.8 3.6 20 20
7.8 3.8 20 20
7.8 4.0 20 20
7.8 4.2 20 20
7.8 4.4 20 20
7.8 4.6 20 20
7.8 4.8 30 50
7.8 5.0 30 50
7.8 5.2 30 50
7.8 5.4 30 50
7.8 5.6 30 50
7.8 5.8 30 50
7.8 6.0 30 50
7.8 6.2 30 50
7.8 6.4 30 50
7.8 6.6 30 50
7.8 6.8 30 50
7.8 7.0 30 50
7.8 7.2 30 50
7.8 7.4 30 50
7.8 7.6 30 50
7.8 7.8 30 50
7.8 8.0 30 50
7.8 8.2 30 50
7.8 8.4 30 50
7.8 8.6 30 50
7.8 8.8 30 50
7.8 9.0 30 50
7.8 9.2 30 50
7.8 9.4 30 50
7.8 9.6 30 50
7.8 9.8 30 50
8.0 0.2 20 160
8.0 0.4 20 160
8.0 0.6 20 160
8.0 0.8 20 160
8.0 1.0 20 160
8.0 1.2 20 110
8.0 1.4 20 90
8.0 1.6 20 50
8.0 1.8 20 50
8.0 2.0 20 30
8.0 2.2 20 30
8.0 2.4 20 20
8.0 2.6 20 20
8.0 2.8 20 20
8.0 3.0 20 20
8.0 3.2 20 20
8.0 3.4 20 20
8.0 3.6 20 20
8.0 3.8 20 20
8.0 4.0 20 20
8.0 4.2 20 20
8.0 4.4 20 20
8.0 4.6 20 20
8.0 4.8 20 20
8.0 5.0 20 20
8.0 5.2 20 20
8.0 5.4 30 50
8.0 5.6 30 50
8.0 5.8 30 50
8.0 6.0 30 50
8.0 6.2 30 50
8.0 6.4 30 50
8.0 6.6 30 50
8.0 6.8 30 50
8.0 7.0 30 50
8.0 7.2 30 50
8.0 7.4 30 50
8.0 7.6 30 50
8.0 7.8 30 50
8.0 8.0 30 50
8.0 8.2 30 50
8.0 8.4 30 50
8.0 8.6 30 50
8.0 8.8 30 50
8.0 9.0 30 50
8.0 9.2 30 50
8.0 9.4 30 50
8.0 9.6 30 50
8.0 9.8 30 50
8.2 0.2 20 160
8.2 0.4 20 160
8.2 0.6 20 160
8.2 0.8 20 160
8.2 1.0 20 160
8.2 1.2 20 110
8.2 1.4 20 90
8.2 1.6 20 50
8.2 1.8 20 50
8.2 2.0 20 30
8.2 2.2 20 30
8.2 2.4 20 20
8.2 2.6 20 20
8.2 2.8 20 20
8.2 3.0 20 20
8.2 3.2 20 20
8.2 3.4 20 20
8.2 3.6 20 20
8.2 3.8 20 20
8.2 4.0 20 20
8.2 4.2 20 20
8.2 4.4 20 20
8.2 4.6 20 20
8.2 4.8 30 50
8.2 5.0 30 50
8.2 5.2 30 50
8.2 5.4 30 50
8.2 5.6 30 50
8.2 5.8 30 50
8.2 6.0 30 50
8.2 6.2 30 50
8.2 6.4 30 50
8.2 6.6 30 50
8.2 6.8 30 50
8.2 7.0 30 50
8.2 7.2 30 50
8.2 7.4 30 50
8.2 7.6 30 50
8.2 7.8 30 50
8.2 8.0 30 50
8.2 8.2 30 50
8.2 8.4 30 50
8.2 8.6 30 50
8.2 8.8 30 50
8.2 9.0 30 50
8.2 9.2 30 50
8.2 9.4 30 50
8.2 9.6 30 50
8.2 9.8 30 50
8.4 0.2 20 160
8.4 0.4 20 160
8.4 0.6 20 160
8.4 0.8 20 160
8.4 1.0 20 160
8.4 1.2 20 110
8.4 1.4 20 90
8.4 1.6 20 50
8.4 1.8 20 50
8.4 2.0 20 30
8.4 2.2 20 30
8.4 2.4 20 20
8.4 2.6 20 20
8.4 2.8 20 20
8.4 3.0 20 20
8.4 3.2 20 20
8.4 3.4 20 20
8.4 3.6 20 20
8.4 3.8 20 20
8.4 4.0 20 20
8.4 4.2 20 20
8.4 4.4 20 20
8.4 4.6 20 20
8.4 4.8 20 20
8.4 5.0 20 20
8.4 5.2 20 20
8.4 5.4 30 50
8.4 5.6 30 50
8.4 5.8 30 50
8.4 6.0 30 50
8.4 6.2 30 50
8.4 6.4 30 50
8.4 6.6 30 50
8.4 6.8 30 50
8.4 7.0 30 50
8.4 7.2 30 50
8.4 7.4 30 50
8.4 7.6 30 50
8.4 7.8 30 50
8.4 8.0 30 50
8.4 8.2 30 50
8.4 8.4 30 50
8.4 8.6 30 50
8.4 8.8 30 50
8.4 9.0 30 50
8.4 9.2 30 50
8.4 9.4 30 50
8.4 9.6 30 50
8.4 9.8 30 50
8.6 0.2 20 160
8.6 0.4 20 160
8.6 0.6 20 160
8.6 0.8 20 160
8.6 1.0 20 160
8.6 1.2 20 110
8.6 1.4 20 90
8.6 1.6 20 50
8.6 1.8 20 50
8.6 2.0 20 30
8.6 2.2 20 30
8.6 2.4 20 20
8.6 2.6 20 20
8.6 2.8 20 20
8.6 3.0 20 20
8.6 3.2 20 20
8.6 3.4 20 20
8.6 3.6 20 20
8.6 3.8 20 20
8.6 4.0 20 20
8.6 4.2 140 50
8.6 4.4 20 20
8.6 4.6 140 50
8.6 4.8 140 50
8.6 5.0 140 50
8.6 5.2 140 50
8.6 5.4 30 50
8.6 5.6 30 50
8.6 5.8 30 50
8.6 6.0 30 50
8.6 6.2 30 50
8.6 6.4 30 50
8.6 6.6 30 50
8.6 6.8 30 50
8.6 7.0 140 50
8.6 7.2 140 50
8.6 7.4 140 50
8.6 7.6 30 50
8.6 7.8 140 50
8.6 8.0 140 50
8.6 8.2 140 50
8.6 8.4 140 50
8.6 8.6 30 50
8.6 8.8 140 50
8.6 9.0 140 50
8.6 9.2 140 50
8.6 9.4 140 50
8.6 9.6 140 50
8.6 9.8 140 50
8.8 0.2 20 160
8.8 0.4 20 160
8.8 0.6 20 160
8.8 0.8 20 160
8.8 1.0 20 160
8.8 1.2 20 120
8.8 1.4 20 90
8.8 1.6 20 50
8.8 1.8 20 50
8.8 2.0 20 30
8.8 2.2 20 30
8.8 2.4 20 20
8.8 2.6 20 20
8.8 2.8 20 20
8.8 3.0 20 20
8.8 3.2 20 20
8.8 3.4 20 20
8.8 3.6 20 20
8.8 3.8 20 20
8.8 4.0 20 20
8.8 4.2 20 20
8.8 4.4 20 20
8.8 4.6 20 20
8.8 4.8 20 20
8.8 5.0 20 20
8.8 5.2 20 20
8.8 5.4 30 50
8.8 5.6 30 50
8.8 5.8 30 50
8.8 6.0 30 50
8.8 6.2 30 50
8.8 6.4 30 50
8.8 6.6 30 50
8.8 6.8 30 50
8.8 7.0 30 50
8.8 7.2 30 50
8.8 7.4 30 50
8.8 7.6 30 50
8.8 7.8 30 50
8.8 8.0 30 50
8.8 8.2 30 50
8.8 8.4 30 50
8.8 8.6 30 50
8.8 8.8 30 50
8.8 9.0 30 50
8.8 9.2 30 50
8.8 9.4 30 50
8.8 9.6 30 50
8.8 9.8 30 50
9.0 0.2 20 160
9.0 0.4 20 160
9.0 0.6 20 160
9.0 0.8 20 160
9.0 1.0 20 160
9.0 1.2 20 110
9.0 1.4 20 90
9.0 1.6 20 50
9.0 1.8 20 50
9.0 2.0 20 30
9.0 2.2 20 30
9.0 2.4 20 20
9.0 2.6 20 20
9.0 2.8 20 20
9.0 3.0 20 20
9.0 3.2 20 20
9.0 3.4 20 20
9.0 3.6 20 20
9.0 3.8 20 20
9.0 4.0 20 20
9.0 4.2 140 50
9.0 4.4 20 20
9.0 4.6 140 50
9.0 4.8 30 50
9.0 5.0 30 50
9.0 5.2 30 50
9.0 5.4 30 50
9.0 5.6 30 50
9.0 5.8 30 50
9.0 6.0 30 50
9.0 6.2 30 50
9.0 6.4 30 50
9.0 6.6 30 50
9.0 6.8 30 50
9.0 7.0 30 50
9.0 7.2 30 50
9.0 7.4 30 50
9.0 7.6 30 50
9.0 7.8 30 50
9.0 8.0 30 50
9.0 8.2 30 50
9.0 8.4 30 50
9.0 8.6 30 50
9.0 8.8 30 50
9.0 9.0 30 50
9.0 9.2 30 50
9.0 9.4 30 50
9.0 9.6 30 50
9.0 9.8 30 50
9.2 0.2 20 160
9.2 0.4 20 160
9.2 0.6 20 160
9.2 0.8 20 160
9.2 1.0 20 160
9.2 1.2 20 110
9.2 1.4 20 90
9.2 1.6 20 50
9.2 1.8 20 50
9.2 2.0 20 30
9.2 2.2 20 30
9.2 2.4 20 20
9.2 2.6 20 20
9.2 2.8 20 20
9.2 3.0 20 20
9.2 3.2 20 20
9.2 3.4 20 20
9.2 3.6 20 20
9.2 3.8 20 20
9.2 4.0 20 20
9.2 4.2 20 20
9.2 4.4 20 20
9.2 4.6 20 20
9.2 4.8 20 20
9.2 5.0 20 20
9.2 5.2 20 20
9.2 5.4 30 50
9.2 5.6 30 50
9.2 5.8 30 50
9.2 6.0 30 50
9.2 6.2 30 50
9.2 6.4 30 50
9.2 6.6 30 50
9.2 6.8 30 50
9.2 7.0 30 50
9.2 7.2 30 50
9.2 7.4 30 50
9.2 7.6 30 50
9.2 7.8 30 50
9.2 8.0 30 50
9.2 8.2 30 50
9.2 8.4 30 50
9.2 8.6 30 50
9.2 8.8 30 50
9.2 9.0 30 50
9.2 9.2 30 50
9.2 9.4 30 50
9.2 9.6 30 50
9.2 9.8 30 50
9.4 0.2 20 160
9.4 0.4 20 160
9.4 0.6 20 160
9.4 0.8 20 160
9.4 1.0 20 160
9.4 1.2 20 110
9.4 1.4 20 90
9.4 1.6 20 50
9.4 1.8 20 50
9.4 2.0 20 30
9.4 2.2 20 60
9.4 2.4 20 20
9.4 2.6 20 20
9.4 2.8 20 20
9.4 3.0 20 20
9.4 3.2 20 20
9.4 3.4 20 20
9.4 3.6 20 20
9.4 3.8 20 20
9.4 4.0 20 20
9.4 4.2 20 20
9.4 4.4 20 20
9.4 4.6 20 20
9.4 4.8 20 20
9.4 5.0 20 20
9.4 5.2 20 20
9.4 5.4 30 50
9.4 5.6 30 50
9.4 5.8 30 50
9.4 6.0 30 50
9.4 6.2 30 50
9.4 6.4 30 50
9.4 6.6 30 50
9.4 6.8 30 50
9.4 7.0 30 50
9.4 7.2 30 50
9.4 7.4 30 50
9.4 7.6 30 50
9.4 7.8 30 50
9.4 8.0 30 50
9.4 8.2 30 50
9.4 8.4 30 50
9.4 8.6 30 50
9.4 8.8 30 50
9.4 9.0 30 50
9.4 9.2 30 50
9.4 9.4 30 50
9.4 9.6 30 50
9.4 9.8 30 50
9.6 0.2 20 160
9.6 0.4 20 160
9.6 0.6 20 160
9.6 0.8 20 160
9.6 1.0 20 160
9.6 1.2 20 110
9.6 1.4 20 90
9.6 1.6 20 50
9.6 1.8 20 50
9.6 2.0 20 30
9.6 2.2 20 30
9.6 2.4 20 20
9.6 2.6 20 20
9.6 2.8 20 20
9.6 3.0 20 20
9.6 3.2 20 20
9.6 3.4 20 20
9.6 3.6 20 20
9.6 3.8 20 20
9.6 4.0 20 20
9.6 4.2 20 20
9.6 4.4 20 20
9.6 4.6 20 20
9.6 4.8 20 20
9.6 5.0 20 20
9.6 5.2 20 20
9.6 5.4 30 50
9.6 5.6 30 50
9.6 5.8 30 50
9.6 6.0 30 50
9.6 6.2 30 50
9.6 6.4 30 50
9.6 6.6 30 50
9.6 6.8 30 50
9.6 7.0 30 50
9.6 7.2 30 50
9.6 7.4 30 50
9.6 7.6 30 50
9.6 7.8 30 50
9.6 8.0 30 50
9.6 8.2 30 50
9.6 8.4 30 50
9.6 8.6 30 50
9.6 8.8 30 50
9.6 9.0 30 50
9.6 9.2 30 50
9.6 9.4 30 50
9.6 9.6 30 50
9.6 9.8 30 50
9.8 0.2 20 160
9.8 0.4 20 160
9.8 0.6 20 160
9.8 0.8 20 160
9.8 1.0 20 160
9.8 1.2 20 110
9.8 1.4 20 90
9.8 1.6 20 50
9.8 1.8 20 50
9.8 2.0 20 30
9.8 2.2 20 30
9.8 2.4 20 20
9.8 2.6 20 20
9.8 2.8 20 20
9.8 3.0 20 20
9.8 3.2 20 20
9.8 3.4 20 20
9.8 3.6 20 20
9.8 3.8 20 20
9.8 4.0 20 20
9.8 4.2 20 20
9.8 4.4 20 20
9.8 4.6 20 20
9.8 4.8 20 20
9.8 5.0 20 20
9.8 5.2 20 20
9.8 5.4 30 50
9.8 5.6 30 50
9.8 5.8 30 50
9.8 6.0 30 50
9.8 6.2 30 50
9.8 6.4 30 50
9.8 6.6 30 50
9.8 6.8 30 50
9.8 7.0 30 50
9.8 7.2 30 50
9.8 7.4 30 50
9.8 7.6 30 50
9.8 7.8 30 50
9.8 8.0 30 50
9.8 8.2 30 50
9.8 8.4 30 50
9.8 8.6 30 50
9.8 8.8 30 50
9.8 9.0 30 50
9.8 9.2 30 50
9.8 9.4 30 50
9.8 9.6 30 50
9.8 9.8 30 50
