0.2 0.2 140 160
0.2 0.4 140 160
0.2 0.6 140 160
0.2 0.8 140 160
0.2 1.0 140 160
0.2 1.2 140 160
0.2 1.4 140 160
0.2 1.6 140 160
0.2 1.8 140 160
0.2 2.0 145 155
0.2 2.2 150 155
0.2 2.4 130 105
0.2 2.6 140 90
0.2 2.8 140 90
0.2 3.0 150 75
0.2 3.2 150 75
0.2 3.4 160 60
0.2 3.6 155 75
0.2 3.8 150 75
0.2 4.0 160 60
0.2 4.2 155 45
0.2 4.4 155 45
0.2 4.6 155 45
0.2 4.8 155 45
0.2 5.0 155 45
0.2 5.2 160 40
0.2 5.4 160 40
0.2 5.6 130 30
0.2 5.8 160 40
0.2 6.0 135 20
0.2 6.2 130 30
0.2 6.4 135 20
0.2 6.6 135 20
0.2 6.8 135 20
0.2 7.0 135 20
0.2 7.2 135 20
0.2 7.4 135 20
0.2 7.6 135 20
0.2 7.8 140 20
0.2 8.0 135 20
0.2 8.2 135 20
0.2 8.4 140 20
0.2 8.6 135 20
0.2 8.8 140 20
0.2 9.0 135 20
0.2 9.2 135 20
0.2 9.4 140 20
0.2 9.6 135 20
0.2 9.8 145 25
0.2 10.0 150 20
0.2 10.2 160 20
0.2 10.4 135 20
0.2 10.6 135 20
0.2 10.8 155 20
0.4 0.2 140 160
0.4 0.4 140 160
0.4 0.6 140 160
0.4 0.8 140 160
0.4 1.0 140 160
0.4 1.2 140 160
0.4 1.4 140 160
0.4 1.6 140 160
0.4 1.8 140 160
0.4 2.0 150 160
0.4 2.2 155 150
0.4 2.4 130 110
0.4 2.6 145 85
0.4 2.8 150 85
0.4 3.0 145 100
0.4 3.2 155 75
0.4 3.4 155 70
0.4 3.6 160 65
0.4 3.8 160 65
0.4 4.0 160 60
0.4 4.2 150 50
0.4 4.4 160 60
0.4 4.6 155 45
0.4 4.8 155 45
0.4 5.0 155 45
0.4 5.2 155 45
0.4 5.4 160 40
0.4 5.6 130 30
0.4 5.8 135 20
0.4 6.0 135 20
0.4 6.2 125 35
0.4 6.4 135 20
0.4 6.6 135 20
0.4 6.8 135 20
0.4 7.0 135 20
0.4 7.2 135 20
0.4 7.4 135 20
0.4 7.6 135 20
0.4 7.8 135 20
0.4 8.0 140 20
0.4 8.2 135 20
0.4 8.4 135 20
0.4 8.6 145 25
0.4 8.8 140 20
0.4 9.0 140 25
0.4 9.2 140 20
0.4 9.4 140 20
0.4 9.6 150 20
0.4 9.8 150 20
0.4 10.0 150 20
0.4 10.2 150 20
0.4 10.4 155 20
0.4 10.6 140 20
0.4 10.8 140 20
0.6 0.2 140 160
0.6 0.4 140 160
0.6 0.6 140 160
0.6 0.8 140 160
0.6 1.0 140 160
0.6 1.2 140 160
0.6 1.4 140 160
0.6 1.6 140 160
0.6 1.8 140 160
0.6 2.0 145 160
0.6 2.2 160 150
0.6 2.4 130 110
0.6 2.6 140 100
0.6 2.8 140 90
0.6 3.0 140 95
0.6 3.2 155 70
0.6 3.4 155 75
0.6 3.6 155 70
0.6 3.8 150 55
0.6 4.0 150 50
0.6 4.2 160 60
0.6 4.4 155 50
0.6 4.6 155 45
0.6 4.8 155 50
0.6 5.0 160 40
0.6 5.2 160 40
0.6 5.4 130 30
0.6 5.6 160 40
0.6 5.8 130 30
0.6 6.0 160 50
0.6 6.2 135 20
0.6 6.4 135 20
0.6 6.6 135 20
0.6 6.8 135 20
0.6 7.0 135 20
0.6 7.2 135 20
0.6 7.4 135 20
0.6 7.6 135 20
0.6 7.8 135 20
0.6 8.0 135 20
0.6 8.2 135 20
0.6 8.4 135 20
0.6 8.6 135 20
0.6 8.8 135 20
0.6 9.0 145 20
0.6 9.2 145 20
0.6 9.4 150 20
0.6 9.6 135 20
0.6 9.8 145 20
0.6 10.0 160 20
0.6 10.2 160 20
0.6 10.4 150 20
0.6 10.6 135 20
0.6 10.8 145 20
0.8 0.2 145 160
0.8 0.4 140 160
0.8 0.6 140 160
0.8 0.8 140 160
0.8 1.0 140 160
0.8 1.2 140 160
0.8 1.4 145 155
0.8 1.6 140 160
0.8 1.8 145 155
0.8 2.0 150 150
0.8 2.2 155 145
0.8 2.4 160 140
0.8 2.6 140 90
0.8 2.8 140 110
0.8 3.0 155 85
0.8 3.2 160 60
0.8 3.4 150 75
0.8 3.6 160 65
0.8 3.8 155 70
0.8 4.0 160 65
0.8 4.2 155 55
0.8 4.4 160 60
0.8 4.6 155 55
0.8 4.8 155 45
0.8 5.0 160 50
0.8 5.2 160 40
0.8 5.4 160 40
0.8 5.6 160 40
0.8 5.8 135 20
0.8 6.0 135 20
0.8 6.2 135 25
0.8 6.4 135 20
0.8 6.6 135 20
0.8 6.8 135 20
0.8 7.0 135 20
0.8 7.2 135 20
0.8 7.4 145 20
0.8 7.6 135 20
0.8 7.8 135 25
0.8 8.0 135 20
0.8 8.2 140 20
0.8 8.4 135 20
0.8 8.6 140 20
0.8 8.8 135 20
0.8 9.0 145 20
0.8 9.2 145 20
0.8 9.4 135 20
0.8 9.6 150 20
0.8 9.8 150 20
0.8 10.0 150 25
0.8 10.2 150 20
0.8 10.4 160 20
0.8 10.6 140 20
0.8 10.8 145 20
1.0 0.2 140 160
1.0 0.4 160 140
1.0 0.6 145 160
1.0 0.8 150 155
1.0 1.0 150 150
1.0 1.2 140 160
1.0 1.4 145 160
1.0 1.6 140 160
1.0 1.8 160 145
1.0 2.0 150 150
1.0 2.2 160 140
1.0 2.4 140 100
1.0 2.6 140 95
1.0 2.8 155 80
1.0 3.0 155 80
1.0 3.2 150 75
1.0 3.4 160 65
1.0 3.6 160 70
1.0 3.8 160 60
1.0 4.0 140 65
1.0 4.2 155 45
1.0 4.4 155 45
1.0 4.6 160 65
1.0 4.8 155 55
1.0 5.0 135 25
1.0 5.2 155 45
1.0 5.4 135 35
1.0 5.6 130 30
1.0 5.8 140 30
1.0 6.0 140 20
1.0 6.2 135 30
1.0 6.4 135 20
1.0 6.6 140 20
1.0 6.8 135 20
1.0 7.0 150 20
1.0 7.2 140 20
1.0 7.4 145 25
1.0 7.6 160 25
1.0 7.8 150 30
1.0 8.0 150 20
1.0 8.2 145 20
1.0 8.4 135 20
1.0 8.6 140 20
1.0 8.8 140 20
1.0 9.0 160 20
1.0 9.2 160 20
1.0 9.4 160 20
1.0 9.6 160 20
1.0 9.8 145 20
1.0 10.0 155 20
1.0 10.2 155 20
1.0 10.4 160 20
1.0 10.6 150 20
1.0 10.8 150 20
1.2 0.2 140 160
1.2 0.4 140 125
1.2 0.6 150 150
1.2 0.8 120 140
1.2 1.0 160 155
1.2 1.2 125 145
1.2 1.4 155 150
1.2 1.6 155 155
1.2 1.8 155 145
1.2 2.0 125 120
1.2 2.2 145 75
1.2 2.4 150 90
1.2 2.6 135 75
1.2 2.8 135 65
1.2 3.0 120 40
1.2 3.2 140 60
1.2 3.4 150 60
1.2 3.6 135 30
1.2 3.8 160 30
1.2 4.0 145 35
1.2 4.2 120 45
1.2 4.4 135 45
1.2 4.6 120 40
1.2 4.8 130 25
1.2 5.0 160 45
1.2 5.2 120 45
1.2 5.4 140 40
1.2 5.6 90 20
1.2 5.8 120 20
1.2 6.0 145 35
1.2 6.2 125 35
1.2 6.4 125 30
1.2 6.6 160 20
1.2 6.8 130 25
1.2 7.0 120 20
1.2 7.2 115 20
1.2 7.4 110 25
1.2 7.6 155 30
1.2 7.8 140 25
1.2 8.0 145 25
1.2 8.2 160 30
1.2 8.4 140 20
1.2 8.6 130 20
1.2 8.8 110 20
1.2 9.0 100 20
1.2 9.2 160 30
1.2 9.4 160 25
1.2 9.6 155 20
1.2 9.8 135 20
1.2 10.0 145 20
1.2 10.2 155 20
1.2 10.4 160 25
1.2 10.6 160 25
1.2 10.8 145 20
1.4 0.2 60 160
1.4 0.4 45 155
1.4 0.6 70 130
1.4 0.8 150 95
1.4 1.0 70 140
1.4 1.2 60 155
1.4 1.4 85 145
1.4 1.6 160 155
1.4 1.8 120 105
1.4 2.0 110 85
1.4 2.2 120 110
1.4 2.4 140 85
1.4 2.6 85 45
1.4 2.8 130 70
1.4 3.0 140 50
1.4 3.2 110 45
1.4 3.4 130 55
1.4 3.6 95 35
1.4 3.8 110 40
1.4 4.0 105 40
1.4 4.2 115 35
1.4 4.4 80 30
1.4 4.6 65 25
1.4 4.8 145 30
1.4 5.0 140 35
1.4 5.2 135 40
1.4 5.4 125 45
1.4 5.6 100 30
1.4 5.8 125 35
1.4 6.0 125 25
1.4 6.2 95 30
1.4 6.4 160 35
1.4 6.6 95 20
1.4 6.8 140 35
1.4 7.0 140 25
1.4 7.2 120 30
1.4 7.4 145 35
1.4 7.6 105 25
1.4 7.8 120 25
1.4 8.0 130 30
1.4 8.2 135 25
1.4 8.4 95 30
1.4 8.6 80 20
1.4 8.8 145 30
1.4 9.0 120 20
1.4 9.2 135 25
1.4 9.4 140 30
1.4 9.6 125 20
1.4 9.8 145 25
1.4 10.0 150 20
1.4 10.2 145 20
1.4 10.4 140 25
1.4 10.6 130 25
1.4 10.8 120 25
1.6 0.2 85 145
1.6 0.4 20 130
1.6 0.6 30 150
1.6 0.8 30 155
1.6 1.0 45 160
1.6 1.2 35 160
1.6 1.4 60 135
1.6 1.6 75 120
1.6 1.8 50 80
1.6 2.0 65 75
1.6 2.2 85 75
1.6 2.4 90 65
1.6 2.6 75 60
1.6 2.8 120 65
1.6 3.0 95 40
1.6 3.2 60 30
1.6 3.4 70 40
1.6 3.6 80 40
1.6 3.8 80 30
1.6 4.0 55 25
1.6 4.2 85 35
1.6 4.4 150 45
1.6 4.6 90 40
1.6 4.8 60 20
1.6 5.0 85 25
1.6 5.2 55 20
1.6 5.4 115 40
1.6 5.6 65 20
1.6 5.8 100 25
1.6 6.0 125 35
1.6 6.2 130 45
1.6 6.4 115 40
1.6 6.6 140 45
1.6 6.8 65 20
1.6 7.0 100 30
1.6 7.2 100 35
1.6 7.4 80 20
1.6 7.6 95 25
1.6 7.8 105 20
1.6 8.0 95 35
1.6 8.2 75 30
1.6 8.4 100 20
1.6 8.6 145 40
1.6 8.8 125 30
1.6 9.0 85 35
1.6 9.2 85 25
1.6 9.4 105 30
1.6 9.6 150 20
1.6 9.8 135 30
1.6 10.0 65 25
1.6 10.2 155 50
1.6 10.4 135 35
1.6 10.6 105 20
1.6 10.8 135 20
1.8 0.2 55 155
1.8 0.4 20 135
1.8 0.6 20 130
1.8 0.8 20 135
1.8 1.0 30 160
1.8 1.2 25 140
1.8 1.4 30 105
1.8 1.6 80 130
1.8 1.8 65 115
1.8 2.0 75 90
1.8 2.2 125 115
1.8 2.4 80 60
1.8 2.6 70 45
1.8 2.8 95 60
1.8 3.0 50 30
1.8 3.2 95 65
1.8 3.4 50 30
1.8 3.6 90 45
1.8 3.8 110 50
1.8 4.0 60 25
1.8 4.2 130 55
1.8 4.4 105 65
1.8 4.6 75 20
1.8 4.8 85 40
1.8 5.0 135 45
1.8 5.2 75 30
1.8 5.4 75 20
1.8 5.6 100 45
1.8 5.8 85 30
1.8 6.0 50 20
1.8 6.2 135 85
1.8 6.4 80 45
1.8 6.6 140 50
1.8 6.8 75 35
1.8 7.0 110 30
1.8 7.2 100 60
1.8 7.4 140 45
1.8 7.6 60 20
1.8 7.8 50 20
1.8 8.0 135 25
1.8 8.2 105 30
1.8 8.4 110 50
1.8 8.6 130 45
1.8 8.8 155 25
1.8 9.0 120 35
1.8 9.2 130 20
1.8 9.4 120 30
1.8 9.6 110 20
1.8 9.8 135 30
1.8 10.0 95 40
1.8 10.2 150 25
1.8 10.4 85 40
1.8 10.6 160 65
1.8 10.8 140 35
2.0 0.2 25 155
2.0 0.4 25 140
2.0 0.6 20 150
2.0 0.8 35 120
2.0 1.0 20 130
2.0 1.2 35 115
2.0 1.4 55 150
2.0 1.6 70 130
2.0 1.8 60 100
2.0 2.0 80 75
2.0 2.2 115 90
2.0 2.4 60 50
2.0 2.6 85 65
2.0 2.8 60 55
2.0 3.0 105 65
2.0 3.2 105 105
2.0 3.4 40 25
2.0 3.6 90 65
2.0 3.8 130 70
2.0 4.0 85 50
2.0 4.2 90 65
2.0 4.4 125 50
2.0 4.6 55 45
2.0 4.8 150 55
2.0 5.0 95 40
2.0 5.2 60 30
2.0 5.4 110 30
2.0 5.6 85 40
2.0 5.8 55 40
2.0 6.0 55 30
2.0 6.2 85 40
2.0 6.4 110 40
2.0 6.6 90 30
2.0 6.8 75 35
2.0 7.0 150 40
2.0 7.2 135 40
2.0 7.4 70 25
2.0 7.6 160 60
2.0 7.8 155 70
2.0 8.0 125 35
2.0 8.2 110 35
2.0 8.4 115 55
2.0 8.6 90 45
2.0 8.8 140 90
2.0 9.0 90 20
2.0 9.2 105 50
2.0 9.4 110 45
2.0 9.6 120 60
2.0 9.8 120 55
2.0 10.0 145 35
2.0 10.2 145 25
2.0 10.4 125 40
2.0 10.6 80 50
2.0 10.8 130 45
2.2 0.2 20 150
2.2 0.4 20 140
2.2 0.6 20 145
2.2 0.8 25 145
2.2 1.0 20 160
2.2 1.2 25 125
2.2 1.4 35 120
2.2 1.6 35 90
2.2 1.8 50 60
2.2 2.0 50 55
2.2 2.2 120 130
2.2 2.4 40 35
2.2 2.6 30 25
2.2 2.8 70 45
2.2 3.0 45 35
2.2 3.2 35 30
2.2 3.4 80 40
2.2 3.6 80 40
2.2 3.8 60 65
2.2 4.0 80 45
2.2 4.2 110 55
2.2 4.4 60 30
2.2 4.6 85 40
2.2 4.8 65 30
2.2 5.0 55 20
2.2 5.2 140 65
2.2 5.4 40 30
2.2 5.6 120 60
2.2 5.8 95 45
2.2 6.0 70 20
2.2 6.2 110 50
2.2 6.4 120 35
2.2 6.6 65 25
2.2 6.8 90 45
2.2 7.0 95 20
2.2 7.2 140 90
2.2 7.4 105 60
2.2 7.6 130 95
2.2 7.8 95 65
2.2 8.0 90 75
2.2 8.2 125 25
2.2 8.4 90 75
2.2 8.6 50 40
2.2 8.8 40 30
2.2 9.0 145 70
2.2 9.2 60 30
2.2 9.4 65 25
2.2 9.6 80 30
2.2 9.8 65 40
2.2 10.0 80 30
2.2 10.2 85 30
2.2 10.4 150 30
2.2 10.6 80 35
2.2 10.8 90 25
2.4 0.2 20 160
2.4 0.4 20 155
2.4 0.6 20 150
2.4 0.8 20 155
2.4 1.0 20 135
2.4 1.2 20 140
2.4 1.4 55 160
2.4 1.6 70 150
2.4 1.8 45 70
2.4 2.0 70 80
2.4 2.2 95 120
2.4 2.4 80 110
2.4 2.6 85 65
2.4 2.8 35 30
2.4 3.0 40 40
2.4 3.2 105 115
2.4 3.4 20 20
2.4 3.6 90 55
2.4 3.8 120 75
2.4 4.0 130 55
2.4 4.2 90 70
2.4 4.4 110 60
2.4 4.6 40 20
2.4 4.8 40 30
2.4 5.0 55 35
2.4 5.2 90 45
2.4 5.4 85 75
2.4 5.6 50 55
2.4 5.8 115 55
2.4 6.0 80 50
2.4 6.2 45 35
2.4 6.4 35 25
2.4 6.6 110 35
2.4 6.8 120 55
2.4 7.0 110 35
2.4 7.2 120 105
2.4 7.4 75 20
2.4 7.6 80 50
2.4 7.8 140 25
2.4 8.0 105 75
2.4 8.2 35 30
2.4 8.4 120 50
2.4 8.6 85 20
2.4 8.8 110 65
2.4 9.0 85 50
2.4 9.2 65 25
2.4 9.4 70 55
2.4 9.6 40 30
2.4 9.8 145 30
2.4 10.0 130 120
2.4 10.2 140 40
2.4 10.4 120 55
2.4 10.6 50 35
2.4 10.8 75 35
2.6 0.2 20 135
2.6 0.4 20 140
2.6 0.6 20 160
2.6 0.8 20 140
2.6 1.0 20 150
2.6 1.2 25 125
2.6 1.4 45 130
2.6 1.6 40 85
2.6 1.8 45 85
2.6 2.0 60 85
2.6 2.2 50 60
2.6 2.4 55 70
2.6 2.6 75 60
2.6 2.8 90 80
2.6 3.0 20 20
2.6 3.2 40 35
2.6 3.4 30 20
2.6 3.6 115 130
2.6 3.8 115 110
2.6 4.0 80 35
2.6 4.2 75 45
2.6 4.4 45 40
2.6 4.6 50 30
2.6 4.8 70 70
2.6 5.0 75 60
2.6 5.2 100 60
2.6 5.4 75 90
2.6 5.6 80 85
2.6 5.8 50 35
2.6 6.0 145 40
2.6 6.2 115 60
2.6 6.4 80 30
2.6 6.6 55 60
2.6 6.8 45 25
2.6 7.0 40 25
2.6 7.2 60 70
2.6 7.4 85 85
2.6 7.6 55 20
2.6 7.8 125 60
2.6 8.0 60 20
2.6 8.2 65 20
2.6 8.4 110 65
2.6 8.6 40 40
2.6 8.8 40 25
2.6 9.0 70 40
2.6 9.2 85 80
2.6 9.4 45 20
2.6 9.6 145 90
2.6 9.8 160 35
2.6 10.0 115 120
2.6 10.2 150 95
2.6 10.4 70 65
2.6 10.6 145 80
2.6 10.8 45 20
2.8 0.2 20 160
2.8 0.4 20 140
2.8 0.6 20 135
2.8 0.8 20 155
2.8 1.0 20 140
2.8 1.2 40 155
2.8 1.4 30 135
2.8 1.6 45 95
2.8 1.8 75 145
2.8 2.0 65 70
2.8 2.2 85 105
2.8 2.4 75 115
2.8 2.6 65 60
2.8 2.8 30 40
2.8 3.0 55 45
2.8 3.2 50 65
2.8 3.4 40 30
2.8 3.6 70 40
2.8 3.8 65 50
2.8 4.0 70 45
2.8 4.2 80 50
2.8 4.4 30 20
2.8 4.6 115 135
2.8 4.8 65 35
2.8 5.0 55 35
2.8 5.2 35 20
2.8 5.4 75 100
2.8 5.6 75 40
2.8 5.8 70 25
2.8 6.0 40 20
2.8 6.2 90 50
2.8 6.4 35 30
2.8 6.6 95 135
2.8 6.8 85 80
2.8 7.0 120 125
2.8 7.2 115 125
2.8 7.4 95 20
2.8 7.6 35 25
2.8 7.8 160 35
2.8 8.0 135 45
2.8 8.2 60 45
2.8 8.4 135 85
2.8 8.6 130 50
2.8 8.8 60 45
2.8 9.0 90 30
2.8 9.2 25 20
2.8 9.4 95 35
2.8 9.6 40 40
2.8 9.8 120 55
2.8 10.0 100 20
2.8 10.2 145 90
2.8 10.4 135 80
2.8 10.6 90 25
2.8 10.8 110 130
3.0 0.2 30 135
3.0 0.4 20 145
3.0 0.6 20 140
3.0 0.8 20 130
3.0 1.0 20 150
3.0 1.2 20 130
3.0 1.4 50 155
3.0 1.6 40 95
3.0 1.8 35 55
3.0 2.0 60 95
3.0 2.2 30 30
3.0 2.4 80 90
3.0 2.6 45 65
3.0 2.8 100 130
3.0 3.0 20 25
3.0 3.2 30 20
3.0 3.4 75 45
3.0 3.6 155 100
3.0 3.8 75 70
3.0 4.0 75 90
3.0 4.2 60 70
3.0 4.4 60 35
3.0 4.6 40 40
3.0 4.8 50 40
3.0 5.0 55 40
3.0 5.2 70 30
3.0 5.4 65 20
3.0 5.6 100 80
3.0 5.8 45 35
3.0 6.0 65 45
3.0 6.2 50 60
3.0 6.4 75 50
3.0 6.6 80 35
3.0 6.8 95 80
3.0 7.0 145 125
3.0 7.2 50 40
3.0 7.4 25 20
3.0 7.6 125 120
3.0 7.8 145 115
3.0 8.0 110 45
3.0 8.2 110 20
3.0 8.4 80 85
3.0 8.6 90 35
3.0 8.8 80 60
3.0 9.0 25 20
3.0 9.2 115 25
3.0 9.4 85 35
3.0 9.6 145 35
3.0 9.8 55 75
3.0 10.0 110 125
3.0 10.2 65 45
3.0 10.4 95 20
3.0 10.6 65 25
3.0 10.8 80 85
3.2 0.2 20 135
3.2 0.4 20 140
3.2 0.6 20 140
3.2 0.8 25 140
3.2 1.0 20 145
3.2 1.2 20 155
3.2 1.4 30 120
3.2 1.6 50 110
3.2 1.8 70 120
3.2 2.0 25 45
3.2 2.2 50 80
3.2 2.4 40 50
3.2 2.6 85 95
3.2 2.8 45 50
3.2 3.0 90 70
3.2 3.2 40 45
3.2 3.4 60 95
3.2 3.6 25 35
3.2 3.8 80 85
3.2 4.0 20 20
3.2 4.2 80 35
3.2 4.4 135 125
3.2 4.6 115 110
3.2 4.8 55 35
3.2 5.0 130 85
3.2 5.2 80 30
3.2 5.4 100 45
3.2 5.6 90 65
3.2 5.8 105 40
3.2 6.0 80 35
3.2 6.2 125 55
3.2 6.4 115 60
3.2 6.6 40 55
3.2 6.8 125 40
3.2 7.0 80 45
3.2 7.2 50 20
3.2 7.4 45 25
3.2 7.6 70 25
3.2 7.8 40 25
3.2 8.0 75 60
3.2 8.2 140 45
3.2 8.4 130 55
3.2 8.6 45 45
3.2 8.8 65 25
3.2 9.0 65 25
3.2 9.2 65 25
3.2 9.4 75 55
3.2 9.6 40 40
3.2 9.8 80 35
3.2 10.0 95 45
3.2 10.2 40 50
3.2 10.4 30 40
3.2 10.6 95 30
3.2 10.8 135 45
3.4 0.2 20 130
3.4 0.4 20 160
3.4 0.6 20 150
3.4 0.8 20 160
3.4 1.0 20 160
3.4 1.2 35 160
3.4 1.4 55 150
3.4 1.6 25 55
3.4 1.8 35 85
3.4 2.0 30 55
3.4 2.2 45 85
3.4 2.4 25 30
3.4 2.6 65 95
3.4 2.8 70 105
3.4 3.0 65 50
3.4 3.2 110 80
3.4 3.4 40 65
3.4 3.6 55 50
3.4 3.8 55 60
3.4 4.0 120 60
3.4 4.2 30 30
3.4 4.4 145 65
3.4 4.6 55 50
3.4 4.8 70 100
3.4 5.0 120 100
3.4 5.2 35 25
3.4 5.4 50 50
3.4 5.6 65 50
3.4 5.8 115 40
3.4 6.0 140 130
3.4 6.2 70 30
3.4 6.4 90 155
3.4 6.6 25 20
3.4 6.8 40 40
3.4 7.0 130 55
3.4 7.2 60 50
3.4 7.4 145 45
3.4 7.6 85 95
3.4 7.8 45 20
3.4 8.0 150 120
3.4 8.2 100 25
3.4 8.4 60 70
3.4 8.6 95 70
3.4 8.8 130 20
3.4 9.0 130 50
3.4 9.2 90 90
3.4 9.4 85 50
3.4 9.6 40 50
3.4 9.8 35 45
3.4 10.0 60 35
3.4 10.2 130 120
3.4 10.4 95 40
3.4 10.6 160 50
3.4 10.8 155 40
3.6 0.2 20 160
3.6 0.4 20 155
3.6 0.6 25 130
3.6 0.8 20 145
3.6 1.0 20 140
3.6 1.2 40 160
3.6 1.4 45 140
3.6 1.6 25 65
3.6 1.8 65 115
3.6 2.0 60 100
3.6 2.2 45 65
3.6 2.4 45 65
3.6 2.6 55 75
3.6 2.8 115 95
3.6 3.0 65 55
3.6 3.2 20 20
3.6 3.4 25 20
3.6 3.6 125 140
3.6 3.8 45 75
3.6 4.0 110 80
3.6 4.2 35 45
3.6 4.4 115 75
3.6 4.6 80 40
3.6 4.8 85 90
3.6 5.0 35 25
3.6 5.2 25 20
3.6 5.4 60 35
3.6 5.6 100 150
3.6 5.8 85 60
3.6 6.0 120 30
3.6 6.2 35 25
3.6 6.4 30 20
3.6 6.6 40 70
3.6 6.8 60 80
3.6 7.0 60 30
3.6 7.2 155 40
3.6 7.4 135 140
3.6 7.6 75 65
3.6 7.8 85 70
3.6 8.0 45 60
3.6 8.2 40 20
3.6 8.4 130 60
3.6 8.6 150 30
3.6 8.8 75 55
3.6 9.0 120 135
3.6 9.2 80 95
3.6 9.4 155 30
3.6 9.6 155 35
3.6 9.8 50 45
3.6 10.0 155 35
3.6 10.2 70 65
3.6 10.4 145 40
3.6 10.6 90 80
3.6 10.8 70 100
3.8 0.2 20 150
3.8 0.4 20 140
3.8 0.6 20 160
3.8 0.8 20 135
3.8 1.0 20 150
3.8 1.2 30 115
3.8 1.4 30 115
3.8 1.6 45 120
3.8 1.8 50 115
3.8 2.0 40 90
3.8 2.2 75 80
3.8 2.4 45 75
3.8 2.6 65 80
3.8 2.8 65 60
3.8 3.0 50 45
3.8 3.2 55 40
3.8 3.4 45 95
3.8 3.6 105 80
3.8 3.8 65 50
3.8 4.0 20 35
3.8 4.2 100 120
3.8 4.4 130 120
3.8 4.6 35 30
3.8 4.8 105 130
3.8 5.0 130 150
3.8 5.2 40 55
3.8 5.4 85 35
3.8 5.6 70 45
3.8 5.8 130 90
3.8 6.0 85 30
3.8 6.2 150 65
3.8 6.4 100 140
3.8 6.6 105 35
3.8 6.8 70 40
3.8 7.0 90 70
3.8 7.2 160 90
3.8 7.4 70 80
3.8 7.6 30 40
3.8 7.8 70 30
3.8 8.0 105 80
3.8 8.2 140 40
3.8 8.4 90 25
3.8 8.6 70 100
3.8 8.8 130 140
3.8 9.0 45 40
3.8 9.2 35 45
3.8 9.4 85 35
3.8 9.6 75 95
3.8 9.8 65 30
3.8 10.0 100 135
3.8 10.2 145 110
3.8 10.4 100 140
3.8 10.6 125 20
3.8 10.8 95 150
4.0 0.2 20 135
4.0 0.4 20 155
4.0 0.6 20 160
4.0 0.8 20 145
4.0 1.0 20 155
4.0 1.2 20 140
4.0 1.4 20 80
4.0 1.6 35 95
4.0 1.8 35 70
4.0 2.0 75 110
4.0 2.2 20 35
4.0 2.4 105 95
4.0 2.6 30 45
4.0 2.8 25 25
4.0 3.0 75 85
4.0 3.2 25 40
4.0 3.4 55 110
4.0 3.6 60 120
4.0 3.8 80 145
4.0 4.0 125 70
4.0 4.2 55 50
4.0 4.4 65 30
4.0 4.6 80 150
4.0 4.8 35 60
4.0 5.0 95 145
4.0 5.2 30 50
4.0 5.4 80 95
4.0 5.6 75 65
4.0 5.8 140 50
4.0 6.0 105 75
4.0 6.2 45 45
4.0 6.4 120 30
4.0 6.6 20 25
4.0 6.8 95 160
4.0 7.0 75 25
4.0 7.2 80 100
4.0 7.4 55 45
4.0 7.6 65 60
4.0 7.8 80 65
4.0 8.0 140 125
4.0 8.2 115 25
4.0 8.4 95 90
4.0 8.6 45 20
4.0 8.8 45 40
4.0 9.0 150 35
4.0 9.2 115 60
4.0 9.4 100 35
4.0 9.6 160 90
4.0 9.8 35 20
4.0 10.0 50 90
4.0 10.2 110 30
4.0 10.4 150 100
4.0 10.6 95 145
4.0 10.8 45 35
4.2 0.2 25 130
4.2 0.4 20 145
4.2 0.6 20 135
4.2 0.8 20 130
4.2 1.0 20 150
4.2 1.2 20 155
4.2 1.4 25 75
4.2 1.6 60 140
4.2 1.8 45 120
4.2 2.0 25 80
4.2 2.2 30 45
4.2 2.4 60 55
4.2 2.6 60 55
4.2 2.8 25 35
4.2 3.0 35 75
4.2 3.2 20 20
4.2 3.4 90 55
4.2 3.6 35 25
4.2 3.8 25 30
4.2 4.0 160 105
4.2 4.2 80 35
4.2 4.4 40 40
4.2 4.6 30 40
4.2 4.8 40 45
4.2 5.0 110 85
4.2 5.2 115 110
4.2 5.4 100 125
4.2 5.6 25 20
4.2 5.8 125 55
4.2 6.0 40 25
4.2 6.2 155 55
4.2 6.4 50 125
4.2 6.6 140 55
4.2 6.8 45 95
4.2 7.0 85 160
4.2 7.2 65 110
4.2 7.4 35 20
4.2 7.6 120 130
4.2 7.8 30 50
4.2 8.0 45 65
4.2 8.2 30 35
4.2 8.4 85 35
4.2 8.6 90 50
4.2 8.8 45 50
4.2 9.0 155 35
4.2 9.2 90 160
4.2 9.4 25 35
4.2 9.6 95 65
4.2 9.8 60 20
4.2 10.0 120 65
4.2 10.2 160 110
4.2 10.4 100 35
4.2 10.6 115 25
4.2 10.8 150 20
4.4 0.2 20 140
4.4 0.4 20 135
4.4 0.6 20 135
4.4 0.8 20 155
4.4 1.0 20 140
4.4 1.2 25 145
4.4 1.4 25 110
4.4 1.6 45 130
4.4 1.8 45 115
4.4 2.0 50 90
4.4 2.2 40 75
4.4 2.4 45 125
4.4 2.6 20 30
4.4 2.8 100 120
4.4 3.0 90 130
4.4 3.2 35 50
4.4 3.4 90 55
4.4 3.6 20 45
4.4 3.8 50 25
4.4 4.0 105 125
4.4 4.2 40 95
4.4 4.4 105 55
4.4 4.6 95 140
4.4 4.8 50 125
4.4 5.0 20 20
4.4 5.2 95 35
4.4 5.4 45 25
4.4 5.6 135 65
4.4 5.8 45 45
4.4 6.0 75 35
4.4 6.2 50 80
4.4 6.4 125 65
4.4 6.6 40 60
4.4 6.8 100 125
4.4 7.0 95 45
4.4 7.2 90 90
4.4 7.4 125 90
4.4 7.6 105 130
4.4 7.8 70 95
4.4 8.0 55 125
4.4 8.2 35 40
4.4 8.4 75 95
4.4 8.6 60 45
4.4 8.8 80 20
4.4 9.0 95 30
4.4 9.2 60 125
4.4 9.4 120 105
4.4 9.6 155 120
4.4 9.8 135 140
4.4 10.0 145 140
4.4 10.2 60 120
4.4 10.4 55 55
4.4 10.6 125 105
4.4 10.8 55 30
4.6 0.2 20 150
4.6 0.4 20 130
4.6 0.6 20 140
4.6 0.8 20 130
4.6 1.0 20 155
4.6 1.2 20 160
4.6 1.4 35 135
4.6 1.6 40 110
4.6 1.8 70 120
4.6 2.0 25 60
4.6 2.2 50 135
4.6 2.4 65 90
4.6 2.6 60 100
4.6 2.8 160 130
4.6 3.0 55 60
4.6 3.2 70 50
4.6 3.4 35 85
4.6 3.6 45 60
4.6 3.8 60 80
4.6 4.0 25 30
4.6 4.2 130 85
4.6 4.4 105 100
4.6 4.6 85 105
4.6 4.8 115 75
4.6 5.0 40 85
4.6 5.2 85 55
4.6 5.4 50 130
4.6 5.6 35 20
4.6 5.8 90 75
4.6 6.0 25 40
4.6 6.2 110 80
4.6 6.4 95 25
4.6 6.6 30 20
4.6 6.8 95 50
4.6 7.0 70 70
4.6 7.2 115 60
4.6 7.4 155 35
4.6 7.6 120 140
4.6 7.8 125 145
4.6 8.0 140 45
4.6 8.2 95 70
4.6 8.4 95 50
4.6 8.6 135 55
4.6 8.8 100 20
4.6 9.0 60 80
4.6 9.2 65 20
4.6 9.4 45 45
4.6 9.6 30 40
4.6 9.8 75 115
4.6 10.0 75 95
4.6 10.2 135 145
4.6 10.4 70 55
4.6 10.6 120 100
4.6 10.8 55 55
4.8 0.2 25 135
4.8 0.4 20 130
4.8 0.6 20 130
4.8 0.8 20 130
4.8 1.0 20 150
4.8 1.2 20 145
4.8 1.4 35 120
4.8 1.6 30 70
4.8 1.8 40 85
4.8 2.0 20 50
4.8 2.2 25 65
4.8 2.4 40 90
4.8 2.6 40 55
4.8 2.8 25 25
4.8 3.0 55 45
4.8 3.2 20 35
4.8 3.4 30 25
4.8 3.6 50 95
4.8 3.8 110 75
4.8 4.0 40 85
4.8 4.2 25 65
4.8 4.4 90 70
4.8 4.6 90 55
4.8 4.8 45 70
4.8 5.0 105 155
4.8 5.2 45 20
4.8 5.4 140 55
4.8 5.6 45 100
4.8 5.8 70 25
4.8 6.0 20 30
4.8 6.2 150 55
4.8 6.4 95 50
4.8 6.6 120 105
4.8 6.8 40 20
4.8 7.0 110 25
4.8 7.2 95 20
4.8 7.4 85 105
4.8 7.6 70 30
4.8 7.8 70 55
4.8 8.0 40 30
4.8 8.2 35 30
4.8 8.4 60 25
4.8 8.6 30 55
4.8 8.8 35 45
4.8 9.0 60 125
4.8 9.2 135 140
4.8 9.4 45 70
4.8 9.6 150 65
4.8 9.8 145 125
4.8 10.0 80 20
4.8 10.2 150 60
4.8 10.4 35 45
4.8 10.6 135 45
4.8 10.8 25 25
5.0 0.2 20 150
5.0 0.4 20 130
5.0 0.6 25 145
5.0 0.8 20 150
5.0 1.0 20 130
5.0 1.2 20 130
5.0 1.4 20 85
5.0 1.6 30 95
5.0 1.8 40 140
5.0 2.0 45 125
5.0 2.2 45 120
5.0 2.4 145 140
5.0 2.6 35 55
5.0 2.8 30 55
5.0 3.0 25 35
5.0 3.2 30 50
5.0 3.4 45 35
5.0 3.6 20 25
5.0 3.8 90 65
5.0 4.0 95 60
5.0 4.2 45 45
5.0 4.4 35 70
5.0 4.6 75 115
5.0 4.8 55 60
5.0 5.0 50 95
5.0 5.2 155 120
5.0 5.4 130 80
5.0 5.6 40 25
5.0 5.8 120 145
5.0 6.0 85 55
5.0 6.2 40 75
5.0 6.4 50 45
5.0 6.6 45 40
5.0 6.8 65 35
5.0 7.0 60 25
5.0 7.2 40 55
5.0 7.4 80 55
5.0 7.6 60 35
5.0 7.8 65 20
5.0 8.0 65 105
5.0 8.2 35 55
5.0 8.4 140 40
5.0 8.6 75 65
5.0 8.8 75 95
5.0 9.0 70 100
5.0 9.2 65 25
5.0 9.4 30 40
5.0 9.6 80 90
5.0 9.8 115 75
5.0 10.0 85 80
5.0 10.2 25 20
5.0 10.4 100 65
5.0 10.6 50 85
5.0 10.8 85 50
5.2 0.2 20 140
5.2 0.4 20 145
5.2 0.6 20 135
5.2 0.8 20 150
5.2 1.0 20 130
5.2 1.2 20 160
5.2 1.4 25 95
5.2 1.6 40 125
5.2 1.8 20 45
5.2 2.0 30 75
5.2 2.2 25 35
5.2 2.4 45 80
5.2 2.6 40 115
5.2 2.8 30 40
5.2 3.0 135 145
5.2 3.2 20 25
5.2 3.4 35 100
5.2 3.6 25 20
5.2 3.8 45 70
5.2 4.0 65 95
5.2 4.2 75 160
5.2 4.4 40 60
5.2 4.6 40 20
5.2 4.8 60 110
5.2 5.0 80 60
5.2 5.2 55 75
5.2 5.4 70 55
5.2 5.6 45 130
5.2 5.8 105 150
5.2 6.0 135 140
5.2 6.2 60 125
5.2 6.4 80 140
5.2 6.6 30 50
5.2 6.8 125 145
5.2 7.0 130 55
5.2 7.2 60 110
5.2 7.4 55 85
5.2 7.6 65 50
5.2 7.8 55 130
5.2 8.0 35 20
5.2 8.2 60 20
5.2 8.4 40 75
5.2 8.6 30 30
5.2 8.8 60 30
5.2 9.0 140 55
5.2 9.2 55 40
5.2 9.4 120 65
5.2 9.6 80 80
5.2 9.8 60 45
5.2 10.0 125 150
5.2 10.2 30 40
5.2 10.4 30 60
5.2 10.6 130 45
5.2 10.8 50 25
5.4 0.2 20 145
5.4 0.4 25 125
5.4 0.6 20 145
5.4 0.8 20 150
5.4 1.0 20 130
5.4 1.2 20 150
5.4 1.4 20 80
5.4 1.6 25 110
5.4 1.8 45 145
5.4 2.0 45 100
5.4 2.2 30 90
5.4 2.4 45 85
5.4 2.6 20 30
5.4 2.8 55 55
5.4 3.0 35 150
5.4 3.2 100 85
5.4 3.4 90 60
5.4 3.6 115 85
5.4 3.8 20 45
5.4 4.0 35 55
5.4 4.2 55 75
5.4 4.4 140 55
5.4 4.6 90 60
5.4 4.8 35 40
5.4 5.0 60 70
5.4 5.2 85 30
5.4 5.4 30 60
5.4 5.6 30 55
5.4 5.8 25 20
5.4 6.0 80 150
5.4 6.2 115 70
5.4 6.4 145 55
5.4 6.6 50 30
5.4 6.8 20 40
5.4 7.0 125 100
5.4 7.2 155 40
5.4 7.4 30 80
5.4 7.6 90 95
5.4 7.8 120 100
5.4 8.0 45 100
5.4 8.2 120 25
5.4 8.4 160 35
5.4 8.6 150 40
5.4 8.8 60 35
5.4 9.0 150 130
5.4 9.2 25 20
5.4 9.4 105 120
5.4 9.6 90 140
5.4 9.8 115 25
5.4 10.0 35 70
5.4 10.2 55 20
5.4 10.4 55 75
5.4 10.6 110 75
5.4 10.8 50 25
5.6 0.2 25 145
5.6 0.4 20 140
5.6 0.6 20 160
5.6 0.8 20 145
5.6 1.0 20 160
5.6 1.2 20 140
5.6 1.4 40 130
5.6 1.6 35 95
5.6 1.8 35 120
5.6 2.0 80 125
5.6 2.2 45 75
5.6 2.4 75 140
5.6 2.6 20 40
5.6 2.8 90 120
5.6 3.0 35 40
5.6 3.2 40 100
5.6 3.4 65 50
5.6 3.6 35 30
5.6 3.8 100 95
5.6 4.0 25 20
5.6 4.2 45 30
5.6 4.4 20 35
5.6 4.6 30 35
5.6 4.8 95 50
5.6 5.0 40 20
5.6 5.2 135 55
5.6 5.4 45 85
5.6 5.6 110 75
5.6 5.8 70 55
5.6 6.0 120 70
5.6 6.2 35 25
5.6 6.4 90 50
5.6 6.6 105 85
5.6 6.8 65 120
5.6 7.0 120 60
5.6 7.2 35 55
5.6 7.4 55 55
5.6 7.6 75 20
5.6 7.8 110 75
5.6 8.0 135 150
5.6 8.2 40 55
5.6 8.4 55 130
5.6 8.6 20 40
5.6 8.8 75 70
5.6 9.0 55 35
5.6 9.2 95 90
5.6 9.4 100 125
5.6 9.6 95 50
5.6 9.8 130 145
5.6 10.0 45 95
5.6 10.2 65 65
5.6 10.4 60 125
5.6 10.6 90 90
5.6 10.8 45 20
5.8 0.2 20 135
5.8 0.4 20 140
5.8 0.6 20 140
5.8 0.8 20 155
5.8 1.0 20 135
5.8 1.2 25 135
5.8 1.4 30 120
5.8 1.6 55 160
5.8 1.8 20 70
5.8 2.0 25 50
5.8 2.2 40 80
5.8 2.4 25 50
5.8 2.6 110 90
5.8 2.8 30 40
5.8 3.0 35 100
5.8 3.2 40 95
5.8 3.4 30 95
5.8 3.6 20 20
5.8 3.8 40 110
5.8 4.0 55 40
5.8 4.2 60 65
5.8 4.4 100 85
5.8 4.6 75 55
5.8 4.8 125 65
5.8 5.0 85 150
5.8 5.2 65 50
5.8 5.4 95 40
5.8 5.6 35 75
5.8 5.8 35 100
5.8 6.0 25 70
5.8 6.2 50 75
5.8 6.4 55 115
5.8 6.6 20 20
5.8 6.8 35 25
5.8 7.0 75 40
5.8 7.2 130 65
5.8 7.4 125 155
5.8 7.6 35 30
5.8 7.8 110 35
5.8 8.0 135 70
5.8 8.2 40 45
5.8 8.4 50 25
5.8 8.6 45 45
5.8 8.8 120 135
5.8 9.0 140 55
5.8 9.2 115 65
5.8 9.4 150 120
5.8 9.6 120 70
5.8 9.8 35 55
5.8 10.0 45 45
5.8 10.2 150 30
5.8 10.4 150 95
5.8 10.6 105 40
5.8 10.8 80 155
6.0 0.2 20 135
6.0 0.4 20 150
6.0 0.6 20 140
6.0 0.8 20 130
6.0 1.0 20 150
6.0 1.2 25 135
6.0 1.4 35 150
6.0 1.6 35 85
6.0 1.8 30 55
6.0 2.0 40 85
6.0 2.2 30 80
6.0 2.4 30 70
6.0 2.6 95 130
6.0 2.8 20 45
6.0 3.0 155 130
6.0 3.2 35 45
6.0 3.4 55 105
6.0 3.6 55 120
6.0 3.8 50 80
6.0 4.0 20 20
6.0 4.2 25 40
6.0 4.4 30 80
6.0 4.6 75 155
6.0 4.8 90 70
6.0 5.0 25 20
6.0 5.2 65 115
6.0 5.4 45 30
6.0 5.6 45 90
6.0 5.8 45 50
6.0 6.0 75 50
6.0 6.2 100 50
6.0 6.4 140 125
6.0 6.6 60 55
6.0 6.8 140 45
6.0 7.0 80 65
6.0 7.2 85 105
6.0 7.4 100 45
6.0 7.6 35 20
6.0 7.8 50 140
6.0 8.0 65 75
6.0 8.2 30 25
6.0 8.4 125 50
6.0 8.6 70 55
6.0 8.8 140 145
6.0 9.0 100 90
6.0 9.2 150 45
6.0 9.4 75 80
6.0 9.6 75 20
6.0 9.8 30 65
6.0 10.0 65 65
6.0 10.2 135 135
6.0 10.4 140 75
6.0 10.6 75 90
6.0 10.8 50 55
6.2 0.2 20 145
6.2 0.4 20 135
6.2 0.6 20 150
6.2 0.8 20 130
6.2 1.0 20 150
6.2 1.2 25 135
6.2 1.4 25 115
6.2 1.6 25 85
6.2 1.8 65 135
6.2 2.0 20 40
6.2 2.2 50 130
6.2 2.4 35 110
6.2 2.6 50 80
6.2 2.8 60 55
6.2 3.0 60 55
6.2 3.2 95 90
6.2 3.4 110 90
6.2 3.6 90 60
6.2 3.8 30 70
6.2 4.0 25 30
6.2 4.2 35 30
6.2 4.4 30 65
6.2 4.6 90 150
6.2 4.8 125 85
6.2 5.0 45 30
6.2 5.2 30 50
6.2 5.4 50 125
6.2 5.6 105 85
6.2 5.8 120 140
6.2 6.0 50 35
6.2 6.2 120 65
6.2 6.4 85 100
6.2 6.6 100 90
6.2 6.8 125 75
6.2 7.0 30 40
6.2 7.2 80 100
6.2 7.4 20 30
6.2 7.6 45 70
6.2 7.8 100 45
6.2 8.0 75 40
6.2 8.2 75 110
6.2 8.4 120 30
6.2 8.6 110 45
6.2 8.8 40 35
6.2 9.0 30 50
6.2 9.2 115 110
6.2 9.4 70 45
6.2 9.6 40 145
6.2 9.8 50 80
6.2 10.0 45 130
6.2 10.2 155 40
6.2 10.4 160 35
6.2 10.6 55 20
6.2 10.8 150 125
6.4 0.2 20 160
6.4 0.4 20 160
6.4 0.6 20 155
6.4 0.8 20 140
6.4 1.0 20 160
6.4 1.2 20 140
6.4 1.4 20 75
6.4 1.6 20 80
6.4 1.8 30 140
6.4 2.0 40 75
6.4 2.2 35 145
6.4 2.4 25 75
6.4 2.6 40 105
6.4 2.8 60 70
6.4 3.0 40 65
6.4 3.2 45 65
6.4 3.4 45 130
6.4 3.6 40 135
6.4 3.8 130 150
6.4 4.0 40 55
6.4 4.2 105 90
6.4 4.4 125 70
6.4 4.6 80 70
6.4 4.8 85 105
6.4 5.0 75 145
6.4 5.2 35 110
6.4 5.4 100 125
6.4 5.6 60 55
6.4 5.8 125 140
6.4 6.0 35 30
6.4 6.2 110 35
6.4 6.4 90 70
6.4 6.6 25 35
6.4 6.8 105 105
6.4 7.0 110 120
6.4 7.2 115 30
6.4 7.4 135 80
6.4 7.6 95 145
6.4 7.8 110 35
6.4 8.0 105 55
6.4 8.2 105 45
6.4 8.4 105 80
6.4 8.6 50 65
6.4 8.8 75 65
6.4 9.0 60 20
6.4 9.2 100 130
6.4 9.4 90 35
6.4 9.6 60 120
6.4 9.8 65 75
6.4 10.0 80 55
6.4 10.2 95 50
6.4 10.4 60 110
6.4 10.6 60 115
6.4 10.8 110 35
6.6 0.2 20 145
6.6 0.4 20 160
6.6 0.6 20 135
6.6 0.8 20 150
6.6 1.0 20 155
6.6 1.2 20 155
6.6 1.4 25 105
6.6 1.6 20 65
6.6 1.8 35 75
6.6 2.0 55 150
6.6 2.2 35 90
6.6 2.4 30 80
6.6 2.6 30 70
6.6 2.8 30 100
6.6 3.0 60 145
6.6 3.2 30 30
6.6 3.4 30 45
6.6 3.6 40 75
6.6 3.8 45 45
6.6 4.0 70 150
6.6 4.2 40 40
6.6 4.4 125 160
6.6 4.6 20 55
6.6 4.8 45 125
6.6 5.0 25 20
6.6 5.2 70 55
6.6 5.4 25 50
6.6 5.6 40 75
6.6 5.8 45 65
6.6 6.0 40 50
6.6 6.2 50 40
6.6 6.4 100 135
6.6 6.6 80 85
6.6 6.8 105 80
6.6 7.0 50 125
6.6 7.2 65 105
6.6 7.4 115 120
6.6 7.6 85 135
6.6 7.8 95 140
6.6 8.0 35 105
6.6 8.2 55 60
6.6 8.4 55 95
6.6 8.6 35 50
6.6 8.8 70 115
6.6 9.0 65 20
6.6 9.2 110 40
6.6 9.4 20 45
6.6 9.6 45 35
6.6 9.8 105 40
6.6 10.0 145 70
6.6 10.2 125 130
6.6 10.4 125 20
6.6 10.6 40 20
6.6 10.8 100 75
6.8 0.2 20 155
6.8 0.4 20 130
6.8 0.6 20 160
6.8 0.8 20 135
6.8 1.0 20 160
6.8 1.2 20 125
6.8 1.4 35 135
6.8 1.6 50 160
6.8 1.8 25 95
6.8 2.0 50 90
6.8 2.2 20 75
6.8 2.4 45 125
6.8 2.6 45 75
6.8 2.8 35 50
6.8 3.0 45 105
6.8 3.2 25 55
6.8 3.4 25 70
6.8 3.6 20 20
6.8 3.8 50 35
6.8 4.0 45 60
6.8 4.2 70 140
6.8 4.4 150 135
6.8 4.6 50 75
6.8 4.8 135 60
6.8 5.0 75 130
6.8 5.2 55 20
6.8 5.4 130 145
6.8 5.6 120 125
6.8 5.8 50 75
6.8 6.0 145 135
6.8 6.2 50 25
6.8 6.4 145 45
6.8 6.6 110 45
6.8 6.8 60 70
6.8 7.0 140 55
6.8 7.2 40 30
6.8 7.4 30 60
6.8 7.6 40 140
6.8 7.8 45 45
6.8 8.0 145 125
6.8 8.2 145 45
6.8 8.4 75 65
6.8 8.6 65 125
6.8 8.8 25 30
6.8 9.0 115 40
6.8 9.2 95 55
6.8 9.4 50 30
6.8 9.6 75 155
6.8 9.8 100 35
6.8 10.0 40 70
6.8 10.2 65 45
6.8 10.4 85 55
6.8 10.6 40 140
6.8 10.8 45 25
7.0 0.2 20 140
7.0 0.4 20 160
7.0 0.6 20 150
7.0 0.8 20 130
7.0 1.0 20 135
7.0 1.2 20 125
7.0 1.4 30 160
7.0 1.6 20 85
7.0 1.8 20 70
7.0 2.0 80 145
7.0 2.2 90 130
7.0 2.4 30 50
7.0 2.6 40 130
7.0 2.8 35 70
7.0 3.0 125 155
7.0 3.2 25 30
7.0 3.4 40 35
7.0 3.6 30 90
7.0 3.8 80 155
7.0 4.0 45 45
7.0 4.2 145 130
7.0 4.4 95 145
7.0 4.6 40 85
7.0 4.8 135 65
7.0 5.0 55 50
7.0 5.2 45 85
7.0 5.4 40 145
7.0 5.6 55 110
7.0 5.8 110 115
7.0 6.0 160 120
7.0 6.2 75 40
7.0 6.4 40 20
7.0 6.6 115 70
7.0 6.8 35 70
7.0 7.0 85 55
7.0 7.2 125 65
7.0 7.4 100 95
7.0 7.6 50 130
7.0 7.8 70 30
7.0 8.0 45 20
7.0 8.2 135 85
7.0 8.4 125 155
7.0 8.6 45 75
7.0 8.8 120 160
7.0 9.0 25 45
7.0 9.2 155 35
7.0 9.4 130 25
7.0 9.6 50 40
7.0 9.8 100 80
7.0 10.0 70 75
7.0 10.2 145 65
7.0 10.4 120 25
7.0 10.6 55 135
7.0 10.8 40 35
7.2 0.2 20 150
7.2 0.4 20 150
7.2 0.6 20 140
7.2 0.8 20 145
7.2 1.0 20 140
7.2 1.2 20 135
7.2 1.4 20 75
7.2 1.6 20 105
7.2 1.8 35 85
7.2 2.0 20 40
7.2 2.2 65 95
7.2 2.4 30 50
7.2 2.6 25 115
7.2 2.8 45 55
7.2 3.0 20 50
7.2 3.2 50 75
7.2 3.4 45 55
7.2 3.6 20 60
7.2 3.8 70 45
7.2 4.0 45 125
7.2 4.2 80 140
7.2 4.4 45 80
7.2 4.6 25 35
7.2 4.8 20 40
7.2 5.0 55 115
7.2 5.2 30 115
7.2 5.4 25 40
7.2 5.6 80 60
7.2 5.8 115 75
7.2 6.0 75 90
7.2 6.2 130 65
7.2 6.4 20 40
7.2 6.6 30 90
7.2 6.8 50 35
7.2 7.0 110 110
7.2 7.2 80 20
7.2 7.4 135 75
7.2 7.6 150 30
7.2 7.8 50 25
7.2 8.0 145 45
7.2 8.2 145 65
7.2 8.4 125 80
7.2 8.6 85 60
7.2 8.8 50 85
7.2 9.0 150 55
7.2 9.2 50 50
7.2 9.4 55 55
7.2 9.6 40 65
7.2 9.8 130 155
7.2 10.0 135 140
7.2 10.2 95 100
7.2 10.4 30 30
7.2 10.6 105 85
7.2 10.8 130 95
7.4 0.2 20 150
7.4 0.4 20 135
7.4 0.6 20 130
7.4 0.8 20 140
7.4 1.0 20 140
7.4 1.2 20 135
7.4 1.4 25 155
7.4 1.6 55 145
7.4 1.8 25 75
7.4 2.0 45 80
7.4 2.2 65 140
7.4 2.4 25 50
7.4 2.6 30 115
7.4 2.8 70 75
7.4 3.0 50 55
7.4 3.2 20 90
7.4 3.4 105 105
7.4 3.6 30 100
7.4 3.8 45 75
7.4 4.0 30 150
7.4 4.2 50 80
7.4 4.4 100 120
7.4 4.6 35 55
7.4 4.8 25 55
7.4 5.0 50 50
7.4 5.2 45 130
7.4 5.4 75 110
7.4 5.6 135 85
7.4 5.8 160 125
7.4 6.0 140 75
7.4 6.2 115 105
7.4 6.4 85 155
7.4 6.6 125 85
7.4 6.8 45 60
7.4 7.0 35 55
7.4 7.2 110 95
7.4 7.4 135 125
7.4 7.6 70 45
7.4 7.8 55 30
7.4 8.0 125 155
7.4 8.2 25 115
7.4 8.4 45 35
7.4 8.6 30 35
7.4 8.8 40 95
7.4 9.0 70 105
7.4 9.2 130 90
7.4 9.4 105 40
7.4 9.6 50 45
7.4 9.8 90 95
7.4 10.0 30 35
7.4 10.2 125 50
7.4 10.4 40 35
7.4 10.6 50 25
7.4 10.8 110 35
7.6 0.2 20 140
7.6 0.4 20 145
7.6 0.6 20 160
7.6 0.8 20 135
7.6 1.0 20 130
7.6 1.2 20 145
7.6 1.4 20 135
7.6 1.6 35 100
7.6 1.8 40 120
7.6 2.0 20 35
7.6 2.2 30 90
7.6 2.4 25 75
7.6 2.6 20 40
7.6 2.8 30 105
7.6 3.0 35 95
7.6 3.2 40 115
7.6 3.4 45 55
7.6 3.6 20 45
7.6 3.8 20 70
7.6 4.0 85 155
7.6 4.2 25 90
7.6 4.4 100 125
7.6 4.6 50 25
7.6 4.8 40 120
7.6 5.0 110 85
7.6 5.2 25 55
7.6 5.4 40 20
7.6 5.6 105 80
7.6 5.8 35 55
7.6 6.0 30 80
7.6 6.2 40 25
7.6 6.4 140 140
7.6 6.6 70 95
7.6 6.8 110 125
7.6 7.0 160 130
7.6 7.2 130 70
7.6 7.4 40 140
7.6 7.6 25 55
7.6 7.8 155 40
7.6 8.0 55 60
7.6 8.2 90 30
7.6 8.4 140 55
7.6 8.6 35 75
7.6 8.8 90 140
7.6 9.0 80 110
7.6 9.2 130 155
7.6 9.4 80 80
7.6 9.6 140 80
7.6 9.8 65 100
7.6 10.0 95 65
7.6 10.2 95 45
7.6 10.4 70 30
7.6 10.6 45 55
7.6 10.8 155 45
7.8 0.2 20 155
7.8 0.4 20 160
7.8 0.6 20 155
7.8 0.8 20 145
7.8 1.0 20 130
7.8 1.2 20 135
7.8 1.4 30 135
7.8 1.6 35 135
7.8 1.8 20 50
7.8 2.0 45 120
7.8 2.2 65 150
7.8 2.4 90 105
7.8 2.6 20 80
7.8 2.8 25 75
7.8 3.0 55 90
7.8 3.2 30 75
7.8 3.4 105 110
7.8 3.6 120 155
7.8 3.8 105 130
7.8 4.0 80 160
7.8 4.2 40 90
7.8 4.4 95 60
7.8 4.6 80 145
7.8 4.8 125 65
7.8 5.0 35 100
7.8 5.2 80 40
7.8 5.4 20 75
7.8 5.6 35 75
7.8 5.8 130 50
7.8 6.0 55 80
7.8 6.2 65 50
7.8 6.4 100 45
7.8 6.6 65 60
7.8 6.8 25 70
7.8 7.0 135 150
7.8 7.2 30 100
7.8 7.4 155 120
7.8 7.6 80 75
7.8 7.8 55 20
7.8 8.0 55 20
7.8 8.2 40 35
7.8 8.4 85 30
7.8 8.6 35 50
7.8 8.8 90 65
7.8 9.0 25 25
7.8 9.2 40 50
7.8 9.4 55 70
7.8 9.6 120 75
7.8 9.8 120 70
7.8 10.0 160 110
7.8 10.2 95 140
7.8 10.4 90 155
7.8 10.6 45 140
7.8 10.8 25 55
8.0 0.2 20 140
8.0 0.4 20 130
8.0 0.6 20 140
8.0 0.8 20 135
8.0 1.0 20 145
8.0 1.2 20 135
8.0 1.4 20 135
8.0 1.6 40 155
8.0 1.8 40 140
8.0 2.0 20 60
8.0 2.2 75 130
8.0 2.4 60 140
8.0 2.6 45 70
8.0 2.8 35 65
8.0 3.0 45 145
8.0 3.2 80 115
8.0 3.4 25 50
8.0 3.6 25 35
8.0 3.8 35 145
8.0 4.0 50 75
8.0 4.2 65 75
8.0 4.4 80 45
8.0 4.6 140 125
8.0 4.8 60 70
8.0 5.0 35 20
8.0 5.2 55 65
8.0 5.4 115 150
8.0 5.6 30 105
8.0 5.8 90 55
8.0 6.0 80 70
8.0 6.2 25 120
8.0 6.4 75 50
8.0 6.6 75 145
8.0 6.8 75 40
8.0 7.0 35 85
8.0 7.2 55 25
8.0 7.4 155 135
8.0 7.6 45 20
8.0 7.8 130 85
8.0 8.0 95 25
8.0 8.2 55 45
8.0 8.4 80 100
8.0 8.6 25 115
8.0 8.8 100 80
8.0 9.0 100 90
8.0 9.2 120 105
8.0 9.4 100 85
8.0 9.6 50 80
8.0 9.8 50 65
8.0 10.0 65 40
8.0 10.2 135 45
8.0 10.4 135 75
8.0 10.6 145 105
8.0 10.8 150 140
8.2 0.2 20 130
8.2 0.4 20 130
8.2 0.6 20 135
8.2 0.8 20 130
8.2 1.0 20 150
8.2 1.2 20 150
8.2 1.4 30 140
8.2 1.6 30 145
8.2 1.8 25 65
8.2 2.0 50 115
8.2 2.2 45 75
8.2 2.4 50 110
8.2 2.6 40 60
8.2 2.8 90 120
8.2 3.0 150 135
8.2 3.2 70 155
8.2 3.4 45 130
8.2 3.6 70 50
8.2 3.8 40 50
8.2 4.0 75 40
8.2 4.2 85 155
8.2 4.4 120 90
8.2 4.6 120 110
8.2 4.8 35 80
8.2 5.0 25 65
8.2 5.2 150 50
8.2 5.4 45 120
8.2 5.6 50 65
8.2 5.8 100 60
8.2 6.0 30 40
8.2 6.2 145 150
8.2 6.4 55 45
8.2 6.6 35 75
8.2 6.8 55 110
8.2 7.0 115 35
8.2 7.2 105 90
8.2 7.4 35 100
8.2 7.6 55 120
8.2 7.8 115 150
8.2 8.0 110 80
8.2 8.2 110 125
8.2 8.4 135 85
8.2 8.6 25 45
8.2 8.8 35 30
8.2 9.0 70 150
8.2 9.2 125 105
8.2 9.4 105 160
8.2 9.6 25 20
8.2 9.8 60 35
8.2 10.0 30 35
8.2 10.2 85 160
8.2 10.4 115 70
8.2 10.6 25 90
8.2 10.8 90 55
8.4 0.2 20 130
8.4 0.4 20 160
8.4 0.6 20 130
8.4 0.8 20 135
8.4 1.0 20 150
8.4 1.2 20 145
8.4 1.4 30 135
8.4 1.6 30 150
8.4 1.8 45 120
8.4 2.0 40 125
8.4 2.2 35 145
8.4 2.4 20 35
8.4 2.6 50 130
8.4 2.8 25 85
8.4 3.0 20 65
8.4 3.2 85 140
8.4 3.4 85 60
8.4 3.6 60 65
8.4 3.8 105 115
8.4 4.0 95 120
8.4 4.2 120 95
8.4 4.4 50 140
8.4 4.6 90 150
8.4 4.8 70 125
8.4 5.0 30 160
8.4 5.2 115 100
8.4 5.4 40 95
8.4 5.6 50 110
8.4 5.8 120 130
8.4 6.0 45 45
8.4 6.2 50 130
8.4 6.4 60 115
8.4 6.6 80 160
8.4 6.8 40 40
8.4 7.0 105 120
8.4 7.2 60 85
8.4 7.4 60 65
8.4 7.6 50 55
8.4 7.8 45 45
8.4 8.0 95 140
8.4 8.2 115 160
8.4 8.4 50 140
8.4 8.6 100 45
8.4 8.8 65 105
8.4 9.0 25 30
8.4 9.2 70 95
8.4 9.4 105 75
8.4 9.6 65 30
8.4 9.8 65 60
8.4 10.0 70 110
8.4 10.2 50 130
8.4 10.4 125 25
8.4 10.6 35 50
8.4 10.8 130 65
8.6 0.2 20 130
8.6 0.4 20 130
8.6 0.6 20 160
8.6 0.8 20 160
8.6 1.0 20 130
8.6 1.2 20 130
8.6 1.4 25 125
8.6 1.6 20 90
8.6 1.8 40 115
8.6 2.0 40 130
8.6 2.2 40 95
8.6 2.4 65 85
8.6 2.6 30 105
8.6 2.8 40 95
8.6 3.0 55 115
8.6 3.2 60 85
8.6 3.4 30 140
8.6 3.6 30 105
8.6 3.8 60 60
8.6 4.0 85 105
8.6 4.2 125 70
8.6 4.4 25 30
8.6 4.6 35 145
8.6 4.8 120 110
8.6 5.0 35 120
8.6 5.2 65 50
8.6 5.4 20 50
8.6 5.6 65 125
8.6 5.8 35 55
8.6 6.0 80 155
8.6 6.2 60 70
8.6 6.4 65 40
8.6 6.6 115 75
8.6 6.8 50 135
8.6 7.0 110 35
8.6 7.2 120 75
8.6 7.4 135 135
8.6 7.6 25 20
8.6 7.8 30 115
8.6 8.0 50 50
8.6 8.2 25 115
8.6 8.4 145 60
8.6 8.6 105 40
8.6 8.8 95 100
8.6 9.0 60 125
8.6 9.2 105 90
8.6 9.4 140 85
8.6 9.6 30 35
8.6 9.8 135 145
8.6 10.0 50 125
8.6 10.2 105 145
8.6 10.4 65 110
8.6 10.6 150 45
8.6 10.8 55 75
8.8 0.2 20 145
8.8 0.4 20 135
8.8 0.6 20 130
8.8 0.8 20 135
8.8 1.0 20 135
8.8 1.2 20 120
8.8 1.4 20 80
8.8 1.6 30 125
8.8 1.8 20 100
8.8 2.0 25 105
8.8 2.2 20 90
8.8 2.4 140 145
8.8 2.6 25 45
8.8 2.8 20 35
8.8 3.0 20 70
8.8 3.2 25 45
8.8 3.4 50 75
8.8 3.6 45 115
8.8 3.8 20 115
8.8 4.0 25 110
8.8 4.2 60 55
8.8 4.4 20 75
8.8 4.6 65 35
8.8 4.8 20 70
8.8 5.0 30 95
8.8 5.2 35 140
8.8 5.4 115 100
8.8 5.6 100 45
8.8 5.8 40 120
8.8 6.0 105 40
8.8 6.2 75 120
8.8 6.4 120 95
8.8 6.6 35 60
8.8 6.8 85 75
8.8 7.0 75 120
8.8 7.2 40 140
8.8 7.4 100 60
8.8 7.6 65 20
8.8 7.8 60 45
8.8 8.0 75 95
8.8 8.2 65 45
8.8 8.4 55 85
8.8 8.6 70 35
8.8 8.8 95 45
8.8 9.0 120 95
8.8 9.2 35 30
8.8 9.4 85 60
8.8 9.6 35 75
8.8 9.8 50 55
8.8 10.0 65 80
8.8 10.2 105 50
8.8 10.4 75 90
8.8 10.6 45 140
8.8 10.8 80 30
9.0 0.2 20 155
9.0 0.4 20 155
9.0 0.6 20 160
9.0 0.8 20 150
9.0 1.0 20 150
9.0 1.2 20 160
9.0 1.4 25 135
9.0 1.6 20 85
9.0 1.8 20 125
9.0 2.0 50 120
9.0 2.2 40 125
9.0 2.4 20 100
9.0 2.6 90 115
9.0 2.8 60 100
9.0 3.0 50 135
9.0 3.2 75 70
9.0 3.4 30 85
9.0 3.6 30 50
9.0 3.8 60 115
9.0 4.0 115 100
9.0 4.2 100 55
9.0 4.4 65 50
9.0 4.6 120 85
9.0 4.8 120 80
9.0 5.0 30 25
9.0 5.2 35 135
9.0 5.4 40 125
9.0 5.6 115 95
9.0 5.8 25 55
9.0 6.0 40 30
9.0 6.2 40 155
9.0 6.4 130 90
9.0 6.6 40 50
9.0 6.8 100 140
9.0 7.0 55 75
9.0 7.2 150 60
9.0 7.4 70 75
9.0 7.6 100 35
9.0 7.8 65 30
9.0 8.0 115 150
9.0 8.2 130 60
9.0 8.4 115 80
9.0 8.6 30 160
9.0 8.8 30 110
9.0 9.0 75 70
9.0 9.2 90 55
9.0 9.4 125 160
9.0 9.6 80 65
9.0 9.8 70 105
9.0 10.0 60 35
9.0 10.2 100 130
9.0 10.4 155 40
9.0 10.6 65 40
9.0 10.8 125 30
9.2 0.2 20 140
9.2 0.4 20 155
9.2 0.6 20 160
9.2 0.8 20 140
9.2 1.0 20 130
9.2 1.2 20 130
9.2 1.4 25 135
9.2 1.6 35 135
9.2 1.8 25 110
9.2 2.0 20 50
9.2 2.2 45 70
9.2 2.4 60 100
9.2 2.6 95 90
9.2 2.8 40 125
9.2 3.0 130 140
9.2 3.2 90 150
9.2 3.4 45 120
9.2 3.6 30 20
9.2 3.8 75 75
9.2 4.0 80 85
9.2 4.2 25 110
9.2 4.4 35 130
9.2 4.6 35 35
9.2 4.8 30 80
9.2 5.0 155 125
9.2 5.2 50 35
9.2 5.4 120 90
9.2 5.6 100 75
9.2 5.8 30 40
9.2 6.0 85 110
9.2 6.2 35 95
9.2 6.4 80 60
9.2 6.6 40 55
9.2 6.8 135 60
9.2 7.0 60 110
9.2 7.2 95 95
9.2 7.4 75 115
9.2 7.6 160 120
9.2 7.8 85 155
9.2 8.0 40 90
9.2 8.2 20 20
9.2 8.4 85 65
9.2 8.6 145 70
9.2 8.8 45 20
9.2 9.0 155 105
9.2 9.2 65 80
9.2 9.4 90 50
9.2 9.6 140 45
9.2 9.8 35 120
9.2 10.0 80 20
9.2 10.2 160 55
9.2 10.4 85 60
9.2 10.6 65 60
9.2 10.8 130 85
9.4 0.2 20 150
9.4 0.4 20 155
9.4 0.6 20 145
9.4 0.8 20 140
9.4 1.0 20 155
9.4 1.2 20 130
9.4 1.4 20 155
9.4 1.6 20 105
9.4 1.8 65 145
9.4 2.0 20 90
9.4 2.2 25 40
9.4 2.4 30 45
9.4 2.6 65 100
9.4 2.8 25 130
9.4 3.0 155 160
9.4 3.2 35 100
9.4 3.4 35 95
9.4 3.6 50 120
9.4 3.8 100 85
9.4 4.0 20 55
9.4 4.2 20 30
9.4 4.4 40 130
9.4 4.6 65 80
9.4 4.8 70 145
9.4 5.0 55 110
9.4 5.2 65 145
9.4 5.4 90 130
9.4 5.6 20 95
9.4 5.8 55 40
9.4 6.0 80 155
9.4 6.2 30 20
9.4 6.4 90 155
9.4 6.6 50 65
9.4 6.8 20 25
9.4 7.0 120 105
9.4 7.2 100 45
9.4 7.4 125 70
9.4 7.6 145 50
9.4 7.8 90 50
9.4 8.0 40 135
9.4 8.2 65 30
9.4 8.4 35 110
9.4 8.6 115 150
9.4 8.8 155 50
9.4 9.0 45 120
9.4 9.2 30 50
9.4 9.4 120 95
9.4 9.6 35 30
9.4 9.8 25 90
9.4 10.0 50 35
9.4 10.2 45 40
9.4 10.4 155 40
9.4 10.6 30 35
9.4 10.8 30 30
9.6 0.2 20 135
9.6 0.4 20 160
9.6 0.6 20 135
9.6 0.8 20 145
9.6 1.0 20 160
9.6 1.2 20 140
9.6 1.4 25 135
9.6 1.6 40 110
9.6 1.8 65 160
9.6 2.0 25 120
9.6 2.2 25 75
9.6 2.4 30 75
9.6 2.6 25 55
9.6 2.8 35 40
9.6 3.0 85 145
9.6 3.2 40 115
9.6 3.4 85 60
9.6 3.6 75 65
9.6 3.8 75 45
9.6 4.0 75 80
9.6 4.2 135 145
9.6 4.4 65 85
9.6 4.6 135 55
9.6 4.8 120 75
9.6 5.0 50 125
9.6 5.2 35 45
9.6 5.4 30 75
9.6 5.6 85 100
9.6 5.8 55 135
9.6 6.0 55 20
9.6 6.2 40 90
9.6 6.4 25 105
9.6 6.6 50 95
9.6 6.8 75 155
9.6 7.0 35 90
9.6 7.2 25 80
9.6 7.4 20 20
9.6 7.6 110 130
9.6 7.8 110 40
9.6 8.0 145 55
9.6 8.2 65 120
9.6 8.4 85 60
9.6 8.6 55 110
9.6 8.8 130 150
9.6 9.0 50 115
9.6 9.2 60 70
9.6 9.4 150 45
9.6 9.6 115 25
9.6 9.8 25 90
9.6 10.0 90 75
9.6 10.2 20 25
9.6 10.4 95 20
9.6 10.6 125 135
9.6 10.8 80 155
9.8 0.2 20 150
9.8 0.4 20 135
9.8 0.6 20 130
9.8 0.8 20 160
9.8 1.0 20 140
9.8 1.2 20 150
9.8 1.4 30 155
9.8 1.6 20 65
9.8 1.8 20 110
9.8 2.0 40 85
9.8 2.2 35 100
9.8 2.4 45 115
9.8 2.6 20 85
9.8 2.8 70 125
9.8 3.0 20 110
9.8 3.2 30 95
9.8 3.4 105 100
9.8 3.6 150 140
9.8 3.8 30 60
9.8 4.0 25 50
9.8 4.2 35 140
9.8 4.4 85 110
9.8 4.6 55 105
9.8 4.8 75 40
9.8 5.0 85 150
9.8 5.2 30 25
9.8 5.4 35 20
9.8 5.6 45 55
9.8 5.8 150 50
9.8 6.0 30 115
9.8 6.2 75 150
9.8 6.4 75 70
9.8 6.6 60 100
9.8 6.8 60 85
9.8 7.0 20 70
9.8 7.2 65 65
9.8 7.4 55 75
9.8 7.6 35 105
9.8 7.8 45 20
9.8 8.0 95 45
9.8 8.2 40 40
9.8 8.4 75 95
9.8 8.6 110 85
9.8 8.8 110 120
9.8 9.0 30 85
9.8 9.2 50 85
9.8 9.4 60 100
9.8 9.6 115 80
9.8 9.8 25 65
9.8 10.0 125 105
9.8 10.2 130 150
9.8 10.4 30 150
9.8 10.6 65 110
9.8 10.8 85 55
10.0 0.2 20 150
10.0 0.4 20 155
10.0 0.6 20 135
10.0 0.8 20 145
10.0 1.0 20 130
10.0 1.2 25 140
10.0 1.4 20 135
10.0 1.6 30 115
10.0 1.8 35 115
10.0 2.0 35 155
10.0 2.2 30 50
10.0 2.4 50 75
10.0 2.6 40 85
10.0 2.8 30 55
10.0 3.0 100 115
10.0 3.2 30 145
10.0 3.4 35 110
10.0 3.6 35 100
10.0 3.8 30 20
10.0 4.0 75 55
10.0 4.2 40 85
10.0 4.4 110 80
10.0 4.6 80 135
10.0 4.8 65 55
10.0 5.0 60 40
10.0 5.2 100 120
10.0 5.4 45 80
10.0 5.6 100 130
10.0 5.8 40 70
10.0 6.0 120 80
10.0 6.2 20 20
10.0 6.4 110 110
10.0 6.6 40 150
10.0 6.8 35 25
10.0 7.0 45 40
10.0 7.2 105 105
10.0 7.4 115 95
10.0 7.6 65 65
10.0 7.8 80 45
10.0 8.0 120 95
10.0 8.2 25 105
10.0 8.4 115 100
10.0 8.6 30 45
10.0 8.8 35 105
10.0 9.0 65 95
10.0 9.2 75 95
10.0 9.4 75 20
10.0 9.6 145 115
10.0 9.8 30 85
10.0 10.0 125 160
10.0 10.2 95 130
10.0 10.4 65 75
10.0 10.6 35 45
10.0 10.8 35 25
10.2 0.2 20 145
10.2 0.4 20 150
10.2 0.6 20 140
10.2 0.8 20 130
10.2 1.0 20 140
10.2 1.2 20 155
10.2 1.4 25 100
10.2 1.6 25 100
10.2 1.8 25 155
10.2 2.0 50 110
10.2 2.2 20 50
10.2 2.4 20 35
10.2 2.6 30 115
10.2 2.8 40 60
10.2 3.0 60 85
10.2 3.2 65 80
10.2 3.4 25 80
10.2 3.6 80 135
10.2 3.8 20 75
10.2 4.0 25 115
10.2 4.2 65 100
10.2 4.4 40 25
10.2 4.6 35 145
10.2 4.8 110 145
10.2 5.0 25 45
10.2 5.2 125 85
10.2 5.4 55 45
10.2 5.6 30 25
10.2 5.8 30 105
10.2 6.0 100 55
10.2 6.2 130 140
10.2 6.4 55 40
10.2 6.6 35 95
10.2 6.8 60 135
10.2 7.0 45 130
10.2 7.2 90 95
10.2 7.4 30 40
10.2 7.6 55 45
10.2 7.8 50 65
10.2 8.0 55 20
10.2 8.2 80 45
10.2 8.4 90 115
10.2 8.6 25 40
10.2 8.8 25 115
10.2 9.0 25 30
10.2 9.2 145 50
10.2 9.4 55 125
10.2 9.6 105 130
10.2 9.8 135 130
10.2 10.0 40 35
10.2 10.2 80 45
10.2 10.4 140 150
10.2 10.6 120 160
10.2 10.8 35 140
10.4 0.2 20 155
10.4 0.4 20 155
10.4 0.6 20 135
10.4 0.8 20 130
10.4 1.0 20 135
10.4 1.2 20 125
10.4 1.4 40 155
10.4 1.6 25 150
10.4 1.8 60 130
10.4 2.0 70 130
10.4 2.2 30 70
10.4 2.4 55 90
10.4 2.6 20 70
10.4 2.8 35 40
10.4 3.0 40 150
10.4 3.2 30 60
10.4 3.4 75 155
10.4 3.6 65 90
10.4 3.8 85 125
10.4 4.0 105 120
10.4 4.2 25 160
10.4 4.4 35 65
10.4 4.6 55 70
10.4 4.8 140 145
10.4 5.0 75 50
10.4 5.2 25 85
10.4 5.4 95 100
10.4 5.6 45 55
10.4 5.8 40 140
10.4 6.0 95 50
10.4 6.2 25 50
10.4 6.4 70 75
10.4 6.6 55 110
10.4 6.8 25 85
10.4 7.0 120 75
10.4 7.2 125 150
10.4 7.4 40 85
10.4 7.6 155 100
10.4 7.8 30 55
10.4 8.0 30 155
10.4 8.2 90 120
10.4 8.4 100 140
10.4 8.6 70 85
10.4 8.8 25 145
10.4 9.0 30 60
10.4 9.2 60 115
10.4 9.4 30 150
10.4 9.6 145 40
10.4 9.8 25 25
10.4 10.0 60 130
10.4 10.2 140 55
10.4 10.4 75 25
10.4 10.6 30 145
10.4 10.8 85 105
10.6 0.2 20 140
10.6 0.4 20 135
10.6 0.6 20 160
10.6 0.8 20 150
10.6 1.0 20 145
10.6 1.2 20 130
10.6 1.4 20 90
10.6 1.6 25 80
10.6 1.8 40 125
10.6 2.0 45 100
10.6 2.2 35 90
10.6 2.4 25 140
10.6 2.6 20 35
10.6 2.8 60 65
10.6 3.0 55 65
10.6 3.2 50 115
10.6 3.4 50 125
10.6 3.6 25 30
10.6 3.8 85 110
10.6 4.0 20 30
10.6 4.2 70 100
10.6 4.4 40 65
10.6 4.6 60 70
10.6 4.8 20 40
10.6 5.0 25 160
10.6 5.2 40 35
10.6 5.4 35 145
10.6 5.6 120 95
10.6 5.8 45 25
10.6 6.0 55 115
10.6 6.2 45 80
10.6 6.4 30 100
10.6 6.6 75 70
10.6 6.8 155 130
10.6 7.0 20 30
10.6 7.2 105 115
10.6 7.4 50 30
10.6 7.6 65 60
10.6 7.8 80 85
10.6 8.0 70 160
10.6 8.2 25 155
10.6 8.4 90 155
10.6 8.6 110 125
10.6 8.8 85 160
10.6 9.0 65 50
10.6 9.2 35 45
10.6 9.4 75 65
10.6 9.6 145 140
10.6 9.8 105 55
10.6 10.0 45 95
10.6 10.2 100 20
10.6 10.4 45 65
10.6 10.6 95 140
10.6 10.8 130 90
10.8 0.2 20 140
10.8 0.4 20 150
10.8 0.6 20 150
10.8 0.8 20 130
10.8 1.0 20 135
10.8 1.2 20 140
10.8 1.4 30 140
10.8 1.6 25 130
10.8 1.8 30 105
10.8 2.0 50 150
10.8 2.2 30 50
10.8 2.4 20 85
10.8 2.6 85 145
10.8 2.8 75 85
10.8 3.0 90 125
10.8 3.2 90 115
10.8 3.4 45 75
10.8 3.6 70 90
10.8 3.8 75 140
10.8 4.0 100 95
10.8 4.2 75 90
10.8 4.4 60 55
10.8 4.6 25 120
10.8 4.8 30 40
10.8 5.0 50 95
10.8 5.2 65 150
10.8 5.4 70 80
10.8 5.6 45 85
10.8 5.8 20 20
10.8 6.0 35 135
10.8 6.2 105 90
10.8 6.4 50 115
10.8 6.6 40 150
10.8 6.8 25 40
10.8 7.0 75 70
10.8 7.2 150 140
10.8 7.4 20 45
10.8 7.6 110 35
10.8 7.8 65 100
10.8 8.0 50 65
10.8 8.2 135 130
10.8 8.4 25 115
10.8 8.6 125 65
10.8 8.8 40 90
10.8 9.0 30 65
10.8 9.2 135 60
10.8 9.4 20 125
10.8 9.6 70 25
10.8 9.8 100 95
10.8 10.0 45 20
10.8 10.2 145 45
10.8 10.4 60 70
10.8 10.6 145 130
10.8 10.8 85 35
