0.2 0.2 40 40
0.2 0.4 45 35
0.2 0.6 65 25
0.2 0.8 60 20
0.2 1.0 60 20
0.2 1.2 75 20
0.2 1.4 115 20
0.2 1.6 110 30
0.2 1.8 115 25
0.2 2.0 145 20
0.2 2.2 125 20
0.2 2.4 95 20
0.2 2.6 150 25
0.2 2.8 155 30
0.2 3.0 150 25
0.2 3.2 160 25
0.2 3.4 120 20
0.2 3.6 155 20
0.2 3.8 160 20
0.2 4.0 160 20
0.2 4.2 160 20
0.2 4.4 155 20
0.2 4.6 150 20
0.2 4.8 160 20
0.2 5.0 160 20
0.2 5.2 160 20
0.2 5.4 160 20
0.2 5.6 160 20
0.2 5.8 160 20
0.2 6.0 160 25
0.2 6.2 155 20
0.2 6.4 160 20
0.2 6.6 160 20
0.2 6.8 160 20
0.2 7.0 155 20
0.2 7.2 150 20
0.2 7.4 155 20
0.2 7.6 160 20
0.2 7.8 155 20
0.2 8.0 160 20
0.2 8.2 160 20
0.2 8.4 160 20
0.2 8.6 160 20
0.2 8.8 160 20
0.2 9.0 160 20
0.2 9.2 160 20
0.2 9.4 150 20
0.2 9.6 150 20
0.2 9.8 145 20
0.2 10.0 150 20
0.2 10.2 160 20
0.2 10.4 150 20
0.2 10.6 155 20
0.2 10.8 155 20
0.4 0.2 35 45
0.4 0.4 85 85
0.4 0.6 40 30
0.4 0.8 45 25
0.4 1.0 75 35
0.4 1.2 70 25
0.4 1.4 85 25
0.4 1.6 60 20
0.4 1.8 85 25
0.4 2.0 90 20
0.4 2.2 75 20
0.4 2.4 75 20
0.4 2.6 140 35
0.4 2.8 150 35
0.4 3.0 140 25
0.4 3.2 125 20
0.4 3.4 115 25
0.4 3.6 115 20
0.4 3.8 160 30
0.4 4.0 150 25
0.4 4.2 160 25
0.4 4.4 115 20
0.4 4.6 155 30
0.4 4.8 145 20
0.4 5.0 145 20
0.4 5.2 160 25
0.4 5.4 155 20
0.4 5.6 160 20
0.4 5.8 160 25
0.4 6.0 155 20
0.4 6.2 155 20
0.4 6.4 155 20
0.4 6.6 155 20
0.4 6.8 160 20
0.4 7.0 150 20
0.4 7.2 155 20
0.4 7.4 150 20
0.4 7.6 150 20
0.4 7.8 160 20
0.4 8.0 125 20
0.4 8.2 155 20
0.4 8.4 155 20
0.4 8.6 160 20
0.4 8.8 140 20
0.4 9.0 160 20
0.4 9.2 160 20
0.4 9.4 150 20
0.4 9.6 155 20
0.4 9.8 160 20
0.4 10.0 160 20
0.4 10.2 160 20
0.4 10.4 150 20
0.4 10.6 160 20
0.4 10.8 150 20
0.6 0.2 20 50
0.6 0.4 20 25
0.6 0.6 35 35
0.6 0.8 45 35
0.6 1.0 65 45
0.6 1.2 60 35
0.6 1.4 60 30
0.6 1.6 120 60
0.6 1.8 80 30
0.6 2.0 100 40
0.6 2.2 80 30
0.6 2.4 70 25
0.6 2.6 65 20
0.6 2.8 100 25
0.6 3.0 105 35
0.6 3.2 140 45
0.6 3.4 90 20
0.6 3.6 90 20
0.6 3.8 150 35
0.6 4.0 110 25
0.6 4.2 155 35
0.6 4.4 105 20
0.6 4.6 95 20
0.6 4.8 155 30
0.6 5.0 130 25
0.6 5.2 160 30
0.6 5.4 130 20
0.6 5.6 160 30
0.6 5.8 140 20
0.6 6.0 115 20
0.6 6.2 135 20
0.6 6.4 160 25
0.6 6.6 140 20
0.6 6.8 125 20
0.6 7.0 150 20
0.6 7.2 155 25
0.6 7.4 160 20
0.6 7.6 155 20
0.6 7.8 150 20
0.6 8.0 150 20
0.6 8.2 160 20
0.6 8.4 155 20
0.6 8.6 150 20
0.6 8.8 150 20
0.6 9.0 155 20
0.6 9.2 150 20
0.6 9.4 160 20
0.6 9.6 140 20
0.6 9.8 160 20
0.6 10.0 145 20
0.6 10.2 160 20
0.6 10.4 155 20
0.6 10.6 155 20
0.6 10.8 160 25
0.8 0.2 25 70
0.8 0.4 25 45
0.8 0.6 30 40
0.8 0.8 40 40
0.8 1.0 25 20
0.8 1.2 25 20
0.8 1.4 70 40
0.8 1.6 45 25
0.8 1.8 60 30
0.8 2.0 90 40
0.8 2.2 115 45
0.8 2.4 115 45
0.8 2.6 70 25
0.8 2.8 125 40
0.8 3.0 100 35
0.8 3.2 130 45
0.8 3.4 95 30
0.8 3.6 125 35
0.8 3.8 150 45
0.8 4.0 115 25
0.8 4.2 150 45
0.8 4.4 100 25
0.8 4.6 135 30
0.8 4.8 130 25
0.8 5.0 160 35
0.8 5.2 125 25
0.8 5.4 150 30
0.8 5.6 100 20
0.8 5.8 150 25
0.8 6.0 160 35
0.8 6.2 145 30
0.8 6.4 130 25
0.8 6.6 155 30
0.8 6.8 160 25
0.8 7.0 135 25
0.8 7.2 145 20
0.8 7.4 155 25
0.8 7.6 145 20
0.8 7.8 130 20
0.8 8.0 140 20
0.8 8.2 160 30
0.8 8.4 155 20
0.8 8.6 155 20
0.8 8.8 160 25
0.8 9.0 130 20
0.8 9.2 140 20
0.8 9.4 150 25
0.8 9.6 150 25
0.8 9.8 155 25
0.8 10.0 150 20
0.8 10.2 150 25
0.8 10.4 125 25
0.8 10.6 160 20
0.8 10.8 155 20
1.0 0.2 20 60
1.0 0.4 35 60
1.0 0.6 30 50
1.0 0.8 30 40
1.0 1.0 35 35
1.0 1.2 45 35
1.0 1.4 45 35
1.0 1.6 40 30
1.0 1.8 80 50
1.0 2.0 70 45
1.0 2.2 85 50
1.0 2.4 75 40
1.0 2.6 75 30
1.0 2.8 75 30
1.0 3.0 65 25
1.0 3.2 95 35
1.0 3.4 100 35
1.0 3.6 135 50
1.0 3.8 125 50
1.0 4.0 100 30
1.0 4.2 155 50
1.0 4.4 105 30
1.0 4.6 90 30
1.0 4.8 100 30
1.0 5.0 85 20
1.0 5.2 120 25
1.0 5.4 90 25
1.0 5.6 100 25
1.0 5.8 130 35
1.0 6.0 115 30
1.0 6.2 100 20
1.0 6.4 100 25
1.0 6.6 115 30
1.0 6.8 95 20
1.0 7.0 85 20
1.0 7.2 110 20
1.0 7.4 115 25
1.0 7.6 90 20
1.0 7.8 155 35
1.0 8.0 115 25
1.0 8.2 140 35
1.0 8.4 125 20
1.0 8.6 145 30
1.0 8.8 105 20
1.0 9.0 105 20
1.0 9.2 125 25
1.0 9.4 105 20
1.0 9.6 110 20
1.0 9.8 75 20
1.0 10.0 115 30
1.0 10.2 115 20
1.0 10.4 115 25
1.0 10.6 125 25
1.0 10.8 120 25
1.2 0.2 20 75
1.2 0.4 45 90
1.2 0.6 55 80
1.2 0.8 60 75
1.2 1.0 50 60
1.2 1.2 50 45
1.2 1.4 85 85
1.2 1.6 75 55
1.2 1.8 80 55
1.2 2.0 140 90
1.2 2.2 70 45
1.2 2.4 60 35
1.2 2.6 45 25
1.2 2.8 90 50
1.2 3.0 130 60
1.2 3.2 80 35
1.2 3.4 100 40
1.2 3.6 85 40
1.2 3.8 100 35
1.2 4.0 85 35
1.2 4.2 90 40
1.2 4.4 95 35
1.2 4.6 85 30
1.2 4.8 80 30
1.2 5.0 90 30
1.2 5.2 85 25
1.2 5.4 100 40
1.2 5.6 95 30
1.2 5.8 65 20
1.2 6.0 85 25
1.2 6.2 80 25
1.2 6.4 80 25
1.2 6.6 75 25
1.2 6.8 80 20
1.2 7.0 75 20
1.2 7.2 80 25
1.2 7.4 85 25
1.2 7.6 80 20
1.2 7.8 80 25
1.2 8.0 75 20
1.2 8.2 75 20
1.2 8.4 70 20
1.2 8.6 80 25
1.2 8.8 75 20
1.2 9.0 85 20
1.2 9.2 70 25
1.2 9.4 90 30
1.2 9.6 70 20
1.2 9.8 70 20
1.2 10.0 90 25
1.2 10.2 75 20
1.2 10.4 100 30
1.2 10.6 80 20
1.2 10.8 85 25
1.4 0.2 20 75
1.4 0.4 25 70
1.4 0.6 40 70
1.4 0.8 50 90
1.4 1.0 50 60
1.4 1.2 85 90
1.4 1.4 80 95
1.4 1.6 75 70
1.4 1.8 70 60
1.4 2.0 75 55
1.4 2.2 100 75
1.4 2.4 90 55
1.4 2.6 40 25
1.4 2.8 45 25
1.4 3.0 80 45
1.4 3.2 65 30
1.4 3.4 55 30
1.4 3.6 65 30
1.4 3.8 65 30
1.4 4.0 70 30
1.4 4.2 60 25
1.4 4.4 60 25
1.4 4.6 50 20
1.4 4.8 50 20
1.4 5.0 65 35
1.4 5.2 50 20
1.4 5.4 65 30
1.4 5.6 55 20
1.4 5.8 65 25
1.4 6.0 55 20
1.4 6.2 55 20
1.4 6.4 55 25
1.4 6.6 50 25
1.4 6.8 75 30
1.4 7.0 55 20
1.4 7.2 55 20
1.4 7.4 60 25
1.4 7.6 55 20
1.4 7.8 65 30
1.4 8.0 70 25
1.4 8.2 65 30
1.4 8.4 50 20
1.4 8.6 50 20
1.4 8.8 65 30
1.4 9.0 60 25
1.4 9.2 50 20
1.4 9.4 60 20
1.4 9.6 55 20
1.4 9.8 55 20
1.4 10.0 45 20
1.4 10.2 55 20
1.4 10.4 65 25
1.4 10.6 55 20
1.4 10.8 45 20
1.6 0.2 30 110
1.6 0.4 30 80
1.6 0.6 30 75
1.6 0.8 30 50
1.6 1.0 45 65
1.6 1.2 60 75
1.6 1.4 80 95
1.6 1.6 80 80
1.6 1.8 75 60
1.6 2.0 75 70
1.6 2.2 50 40
1.6 2.4 80 50
1.6 2.6 65 45
1.6 2.8 50 35
1.6 3.0 65 40
1.6 3.2 45 25
1.6 3.4 50 30
1.6 3.6 40 25
1.6 3.8 60 35
1.6 4.0 40 20
1.6 4.2 45 20
1.6 4.4 55 30
1.6 4.6 45 20
1.6 4.8 55 35
1.6 5.0 40 20
1.6 5.2 40 20
1.6 5.4 40 20
1.6 5.6 50 25
1.6 5.8 40 20
1.6 6.0 40 20
1.6 6.2 45 20
1.6 6.4 55 20
1.6 6.6 40 20
1.6 6.8 55 30
1.6 7.0 40 20
1.6 7.2 40 20
1.6 7.4 40 20
1.6 7.6 40 20
1.6 7.8 40 20
1.6 8.0 40 20
1.6 8.2 55 25
1.6 8.4 45 20
1.6 8.6 50 20
1.6 8.8 45 20
1.6 9.0 50 25
1.6 9.2 40 20
1.6 9.4 50 25
1.6 9.6 50 25
1.6 9.8 55 30
1.6 10.0 50 20
1.6 10.2 40 20
1.6 10.4 40 20
1.6 10.6 50 25
1.6 10.8 40 20
1.8 0.2 20 95
1.8 0.4 20 60
1.8 0.6 20 45
1.8 0.8 35 70
1.8 1.0 30 50
1.8 1.2 50 80
1.8 1.4 50 60
1.8 1.6 55 60
1.8 1.8 55 50
1.8 2.0 75 65
1.8 2.2 75 60
1.8 2.4 65 50
1.8 2.6 60 40
1.8 2.8 35 25
1.8 3.0 60 45
1.8 3.2 40 30
1.8 3.4 50 35
1.8 3.6 30 20
1.8 3.8 35 20
1.8 4.0 45 30
1.8 4.2 35 20
1.8 4.4 40 25
1.8 4.6 35 20
1.8 4.8 35 25
1.8 5.0 45 25
1.8 5.2 40 20
1.8 5.4 45 25
1.8 5.6 30 20
1.8 5.8 45 25
1.8 6.0 35 20
1.8 6.2 45 30
1.8 6.4 35 20
1.8 6.6 35 20
1.8 6.8 35 20
1.8 7.0 35 20
1.8 7.2 35 20
1.8 7.4 50 30
1.8 7.6 45 20
1.8 7.8 40 25
1.8 8.0 35 20
1.8 8.2 40 25
1.8 8.4 45 25
1.8 8.6 35 20
1.8 8.8 35 20
1.8 9.0 35 20
1.8 9.2 35 20
1.8 9.4 40 25
1.8 9.6 40 20
1.8 9.8 40 25
1.8 10.0 40 20
1.8 10.2 40 25
1.8 10.4 35 20
1.8 10.6 35 20
1.8 10.8 35 20
2.0 0.2 20 120
2.0 0.4 25 100
2.0 0.6 35 95
2.0 0.8 55 115
2.0 1.0 100 145
2.0 1.2 65 95
2.0 1.4 80 105
2.0 1.6 70 85
2.0 1.8 60 70
2.0 2.0 80 75
2.0 2.2 45 40
2.0 2.4 65 55
2.0 2.6 35 30
2.0 2.8 30 25
2.0 3.0 40 35
2.0 3.2 40 30
2.0 3.4 30 20
2.0 3.6 40 25
2.0 3.8 30 20
2.0 4.0 35 25
2.0 4.2 35 25
2.0 4.4 35 25
2.0 4.6 35 20
2.0 4.8 30 20
2.0 5.0 30 20
2.0 5.2 30 20
2.0 5.4 30 20
2.0 5.6 30 20
2.0 5.8 45 30
2.0 6.0 35 25
2.0 6.2 40 25
2.0 6.4 35 20
2.0 6.6 35 25
2.0 6.8 30 20
2.0 7.0 30 20
2.0 7.2 35 20
2.0 7.4 30 20
2.0 7.6 30 20
2.0 7.8 35 20
2.0 8.0 40 25
2.0 8.2 30 20
2.0 8.4 40 25
2.0 8.6 35 20
2.0 8.8 35 20
2.0 9.0 40 25
2.0 9.2 45 30
2.0 9.4 45 30
2.0 9.6 35 20
2.0 9.8 30 20
2.0 10.0 35 20
2.0 10.2 35 20
2.0 10.4 40 25
2.0 10.6 45 25
2.0 10.8 35 20
2.2 0.2 20 125
2.2 0.4 25 90
2.2 0.6 50 130
2.2 0.8 35 75
2.2 1.0 20 35
2.2 1.2 35 70
2.2 1.4 70 95
2.2 1.6 70 95
2.2 1.8 60 65
2.2 2.0 65 65
2.2 2.2 30 35
2.2 2.4 30 30
2.2 2.6 30 25
2.2 2.8 25 20
2.2 3.0 30 25
2.2 3.2 25 20
2.2 3.4 35 25
2.2 3.6 35 25
2.2 3.8 30 20
2.2 4.0 35 25
2.2 4.2 40 30
2.2 4.4 35 25
2.2 4.6 40 30
2.2 4.8 30 20
2.2 5.0 30 25
2.2 5.2 40 30
2.2 5.4 25 20
2.2 5.6 30 20
2.2 5.8 35 25
2.2 6.0 30 20
2.2 6.2 35 25
2.2 6.4 25 20
2.2 6.6 30 20
2.2 6.8 30 20
2.2 7.0 25 20
2.2 7.2 30 20
2.2 7.4 40 30
2.2 7.6 30 20
2.2 7.8 30 20
2.2 8.0 45 30
2.2 8.2 30 20
2.2 8.4 45 35
2.2 8.6 35 25
2.2 8.8 30 20
2.2 9.0 30 20
2.2 9.2 25 20
2.2 9.4 30 20
2.2 9.6 25 20
2.2 9.8 35 25
2.2 10.0 35 25
2.2 10.2 30 20
2.2 10.4 30 20
2.2 10.6 30 20
2.2 10.8 35 25
2.4 0.2 20 145
2.4 0.4 20 95
2.4 0.6 35 105
2.4 0.8 40 95
2.4 1.0 80 155
2.4 1.2 60 100
2.4 1.4 40 60
2.4 1.6 50 70
2.4 1.8 40 50
2.4 2.0 45 50
2.4 2.2 45 45
2.4 2.4 20 20
2.4 2.6 40 40
2.4 2.8 35 35
2.4 3.0 30 30
2.4 3.2 35 35
2.4 3.4 25 20
2.4 3.6 25 20
2.4 3.8 25 20
2.4 4.0 25 20
2.4 4.2 25 20
2.4 4.4 25 20
2.4 4.6 25 20
2.4 4.8 30 25
2.4 5.0 30 20
2.4 5.2 25 20
2.4 5.4 25 20
2.4 5.6 25 20
2.4 5.8 35 25
2.4 6.0 45 35
2.4 6.2 30 25
2.4 6.4 25 20
2.4 6.6 25 20
2.4 6.8 30 20
2.4 7.0 25 20
2.4 7.2 30 20
2.4 7.4 35 25
2.4 7.6 35 25
2.4 7.8 25 20
2.4 8.0 30 20
2.4 8.2 30 25
2.4 8.4 25 20
2.4 8.6 35 30
2.4 8.8 25 20
2.4 9.0 25 20
2.4 9.2 30 20
2.4 9.4 25 20
2.4 9.6 35 25
2.4 9.8 30 20
2.4 10.0 30 20
2.4 10.2 25 20
2.4 10.4 25 20
2.4 10.6 30 20
2.4 10.8 35 25
2.6 0.2 20 95
2.6 0.4 25 135
2.6 0.6 35 110
2.6 0.8 40 115
2.6 1.0 45 95
2.6 1.2 55 100
2.6 1.4 45 80
2.6 1.6 50 70
2.6 1.8 25 40
2.6 2.0 25 35
2.6 2.2 35 40
2.6 2.4 20 20
2.6 2.6 20 20
2.6 2.8 30 30
2.6 3.0 30 25
2.6 3.2 35 30
2.6 3.4 30 25
2.6 3.6 25 20
2.6 3.8 25 20
2.6 4.0 25 20
2.6 4.2 25 20
2.6 4.4 25 20
2.6 4.6 25 20
2.6 4.8 25 20
2.6 5.0 30 25
2.6 5.2 20 20
2.6 5.4 25 20
2.6 5.6 25 20
2.6 5.8 25 20
2.6 6.0 25 20
2.6 6.2 25 20
2.6 6.4 25 20
2.6 6.6 25 20
2.6 6.8 25 20
2.6 7.0 30 25
2.6 7.2 20 20
2.6 7.4 25 20
2.6 7.6 25 20
2.6 7.8 25 20
2.6 8.0 25 20
2.6 8.2 25 20
2.6 8.4 30 25
2.6 8.6 30 20
2.6 8.8 30 20
2.6 9.0 30 20
2.6 9.2 25 20
2.6 9.4 30 20
2.6 9.6 25 20
2.6 9.8 25 20
2.6 10.0 25 20
2.6 10.2 30 25
2.6 10.4 35 25
2.6 10.6 25 20
2.6 10.8 25 20
2.8 0.2 20 150
2.8 0.4 35 145
2.8 0.6 25 70
2.8 0.8 45 130
2.8 1.0 25 60
2.8 1.2 50 115
2.8 1.4 45 70
2.8 1.6 35 50
2.8 1.8 35 50
2.8 2.0 20 25
2.8 2.2 30 35
2.8 2.4 35 35
2.8 2.6 25 25
2.8 2.8 20 20
2.8 3.0 25 25
2.8 3.2 25 25
2.8 3.4 25 20
2.8 3.6 25 20
2.8 3.8 25 25
2.8 4.0 30 25
2.8 4.2 25 20
2.8 4.4 25 20
2.8 4.6 30 25
2.8 4.8 25 20
2.8 5.0 25 20
2.8 5.2 25 20
2.8 5.4 25 20
2.8 5.6 25 20
2.8 5.8 25 20
2.8 6.0 25 20
2.8 6.2 25 20
2.8 6.4 25 20
2.8 6.6 25 20
2.8 6.8 25 20
2.8 7.0 25 20
2.8 7.2 25 20
2.8 7.4 25 20
2.8 7.6 25 20
2.8 7.8 25 20
2.8 8.0 25 20
2.8 8.2 25 20
2.8 8.4 30 25
2.8 8.6 25 20
2.8 8.8 25 20
2.8 9.0 25 20
2.8 9.2 25 20
2.8 9.4 30 20
2.8 9.6 25 20
2.8 9.8 30 20
2.8 10.0 25 20
2.8 10.2 20 20
2.8 10.4 25 20
2.8 10.6 35 25
2.8 10.8 25 20
3.0 0.2 20 125
3.0 0.4 25 115
3.0 0.6 25 90
3.0 0.8 30 95
3.0 1.0 35 80
3.0 1.2 45 95
3.0 1.4 60 100
3.0 1.6 25 35
3.0 1.8 35 50
3.0 2.0 25 35
3.0 2.2 25 30
3.0 2.4 20 25
3.0 2.6 20 20
3.0 2.8 30 30
3.0 3.0 20 20
3.0 3.2 25 25
3.0 3.4 20 20
3.0 3.6 20 20
3.0 3.8 20 20
3.0 4.0 25 25
3.0 4.2 25 20
3.0 4.4 25 20
3.0 4.6 20 20
3.0 4.8 30 25
3.0 5.0 25 20
3.0 5.2 25 20
3.0 5.4 30 25
3.0 5.6 25 20
3.0 5.8 25 20
3.0 6.0 25 20
3.0 6.2 25 20
3.0 6.4 20 20
3.0 6.6 25 20
3.0 6.8 25 20
3.0 7.0 25 20
3.0 7.2 25 20
3.0 7.4 25 20
3.0 7.6 25 20
3.0 7.8 25 20
3.0 8.0 25 20
3.0 8.2 25 20
3.0 8.4 25 20
3.0 8.6 25 20
3.0 8.8 25 20
3.0 9.0 25 20
3.0 9.2 25 20
3.0 9.4 25 20
3.0 9.6 30 20
3.0 9.8 25 20
3.0 10.0 20 20
3.0 10.2 20 20
3.0 10.4 25 20
3.0 10.6 25 20
3.0 10.8 25 20
3.2 0.2 20 155
3.2 0.4 35 150
3.2 0.6 20 85
3.2 0.8 35 110
3.2 1.0 35 95
3.2 1.2 35 80
3.2 1.4 40 75
3.2 1.6 30 50
3.2 1.8 35 50
3.2 2.0 20 25
3.2 2.2 20 25
3.2 2.4 25 30
3.2 2.6 25 25
3.2 2.8 25 25
3.2 3.0 20 20
3.2 3.2 30 30
3.2 3.4 25 25
3.2 3.6 20 20
3.2 3.8 20 20
3.2 4.0 20 20
3.2 4.2 25 25
3.2 4.4 20 20
3.2 4.6 25 20
3.2 4.8 25 25
3.2 5.0 25 20
3.2 5.2 20 20
3.2 5.4 20 20
3.2 5.6 25 25
3.2 5.8 20 20
3.2 6.0 25 20
3.2 6.2 25 20
3.2 6.4 25 20
3.2 6.6 25 20
3.2 6.8 25 20
3.2 7.0 20 20
3.2 7.2 25 20
3.2 7.4 25 20
3.2 7.6 25 20
3.2 7.8 25 20
3.2 8.0 25 20
3.2 8.2 25 20
3.2 8.4 25 20
3.2 8.6 25 20
3.2 8.8 25 20
3.2 9.0 25 20
3.2 9.2 25 20
3.2 9.4 25 20
3.2 9.6 20 20
3.2 9.8 30 25
3.2 10.0 25 20
3.2 10.2 25 20
3.2 10.4 30 25
3.2 10.6 25 20
3.2 10.8 25 20
3.4 0.2 25 160
3.4 0.4 30 145
3.4 0.6 25 95
3.4 0.8 20 80
3.4 1.0 50 125
3.4 1.2 25 55
3.4 1.4 20 40
3.4 1.6 20 35
3.4 1.8 35 45
3.4 2.0 35 45
3.4 2.2 20 25
3.4 2.4 20 25
3.4 2.6 20 20
3.4 2.8 20 20
3.4 3.0 30 30
3.4 3.2 20 20
3.4 3.4 20 20
3.4 3.6 20 20
3.4 3.8 20 20
3.4 4.0 20 20
3.4 4.2 20 20
3.4 4.4 20 20
3.4 4.6 20 20
3.4 4.8 20 20
3.4 5.0 20 20
3.4 5.2 20 20
3.4 5.4 20 20
3.4 5.6 20 20
3.4 5.8 20 20
3.4 6.0 20 20
3.4 6.2 25 20
3.4 6.4 25 20
3.4 6.6 30 25
3.4 6.8 20 20
3.4 7.0 20 20
3.4 7.2 25 25
3.4 7.4 20 20
3.4 7.6 20 20
3.4 7.8 25 20
3.4 8.0 25 20
3.4 8.2 25 20
3.4 8.4 25 20
3.4 8.6 25 20
3.4 8.8 25 20
3.4 9.0 20 20
3.4 9.2 25 20
3.4 9.4 20 20
3.4 9.6 25 20
3.4 9.8 25 20
3.4 10.0 25 20
3.4 10.2 25 20
3.4 10.4 25 20
3.4 10.6 35 30
3.4 10.8 30 25
3.6 0.2 25 160
3.6 0.4 20 120
3.6 0.6 25 120
3.6 0.8 35 125
3.6 1.0 50 145
3.6 1.2 30 70
3.6 1.4 35 70
3.6 1.6 35 60
3.6 1.8 20 35
3.6 2.0 30 40
3.6 2.2 20 25
3.6 2.4 20 25
3.6 2.6 20 25
3.6 2.8 30 30
3.6 3.0 20 20
3.6 3.2 20 20
3.6 3.4 20 20
3.6 3.6 20 20
3.6 3.8 20 20
3.6 4.0 20 20
3.6 4.2 20 20
3.6 4.4 20 20
3.6 4.6 20 20
3.6 4.8 20 20
3.6 5.0 20 20
3.6 5.2 25 20
3.6 5.4 25 20
3.6 5.6 20 20
3.6 5.8 20 20
3.6 6.0 25 20
3.6 6.2 20 20
3.6 6.4 30 25
3.6 6.6 20 20
3.6 6.8 20 20
3.6 7.0 20 20
3.6 7.2 20 20
3.6 7.4 20 20
3.6 7.6 25 20
3.6 7.8 20 20
3.6 8.0 30 25
3.6 8.2 25 25
3.6 8.4 20 20
3.6 8.6 20 20
3.6 8.8 20 20
3.6 9.0 20 20
3.6 9.2 20 20
3.6 9.4 20 20
3.6 9.6 25 20
3.6 9.8 25 20
3.6 10.0 25 20
3.6 10.2 25 20
3.6 10.4 25 20
3.6 10.6 20 20
3.6 10.8 25 20
3.8 0.2 20 155
3.8 0.4 20 125
3.8 0.6 20 105
3.8 0.8 40 135
3.8 1.0 35 105
3.8 1.2 35 90
3.8 1.4 30 70
3.8 1.6 20 40
3.8 1.8 20 30
3.8 2.0 20 30
3.8 2.2 25 30
3.8 2.4 30 35
3.8 2.6 20 25
3.8 2.8 30 30
3.8 3.0 20 20
3.8 3.2 25 25
3.8 3.4 20 20
3.8 3.6 25 25
3.8 3.8 20 20
3.8 4.0 20 20
3.8 4.2 20 20
3.8 4.4 25 25
3.8 4.6 20 20
3.8 4.8 20 20
3.8 5.0 20 20
3.8 5.2 20 20
3.8 5.4 20 20
3.8 5.6 20 20
3.8 5.8 20 20
3.8 6.0 20 20
3.8 6.2 20 20
3.8 6.4 20 20
3.8 6.6 20 20
3.8 6.8 20 20
3.8 7.0 20 20
3.8 7.2 25 20
3.8 7.4 20 20
3.8 7.6 20 20
3.8 7.8 30 25
3.8 8.0 25 25
3.8 8.2 25 20
3.8 8.4 25 20
3.8 8.6 20 20
3.8 8.8 25 20
3.8 9.0 20 20
3.8 9.2 25 20
3.8 9.4 25 20
3.8 9.6 25 25
3.8 9.8 20 20
3.8 10.0 20 20
3.8 10.2 30 25
3.8 10.4 20 20
3.8 10.6 20 20
3.8 10.8 25 20
4.0 0.2 20 160
4.0 0.4 20 135
4.0 0.6 25 135
4.0 0.8 30 110
4.0 1.0 50 140
4.0 1.2 40 95
4.0 1.4 20 45
4.0 1.6 25 45
4.0 1.8 25 40
4.0 2.0 20 30
4.0 2.2 30 35
4.0 2.4 25 30
4.0 2.6 20 25
4.0 2.8 20 20
4.0 3.0 20 20
4.0 3.2 25 25
4.0 3.4 25 25
4.0 3.6 20 20
4.0 3.8 25 25
4.0 4.0 20 20
4.0 4.2 20 20
4.0 4.4 20 20
4.0 4.6 20 20
4.0 4.8 20 20
4.0 5.0 20 20
4.0 5.2 25 20
4.0 5.4 25 25
4.0 5.6 20 20
4.0 5.8 20 20
4.0 6.0 20 20
4.0 6.2 20 20
4.0 6.4 20 20
4.0 6.6 25 25
4.0 6.8 20 20
4.0 7.0 20 20
4.0 7.2 20 20
4.0 7.4 25 20
4.0 7.6 25 20
4.0 7.8 20 20
4.0 8.0 20 20
4.0 8.2 25 20
4.0 8.4 25 20
4.0 8.6 20 20
4.0 8.8 25 20
4.0 9.0 20 20
4.0 9.2 20 20
4.0 9.4 25 20
4.0 9.6 25 20
4.0 9.8 20 20
4.0 10.0 20 20
4.0 10.2 20 20
4.0 10.4 20 20
4.0 10.6 20 20
4.0 10.8 25 20
4.2 0.2 20 160
4.2 0.4 20 120
4.2 0.6 30 145
4.2 0.8 40 145
4.2 1.0 35 125
4.2 1.2 25 60
4.2 1.4 25 55
4.2 1.6 30 60
4.2 1.8 30 45
4.2 2.0 20 30
4.2 2.2 20 25
4.2 2.4 20 25
4.2 2.6 20 25
4.2 2.8 25 30
4.2 3.0 20 25
4.2 3.2 20 20
4.2 3.4 20 20
4.2 3.6 20 20
4.2 3.8 20 20
4.2 4.0 20 20
4.2 4.2 20 20
4.2 4.4 20 20
4.2 4.6 20 20
4.2 4.8 20 20
4.2 5.0 20 20
4.2 5.2 20 20
4.2 5.4 20 20
4.2 5.6 20 20
4.2 5.8 20 20
4.2 6.0 20 20
4.2 6.2 20 20
4.2 6.4 20 20
4.2 6.6 20 20
4.2 6.8 20 20
4.2 7.0 20 20
4.2 7.2 20 20
4.2 7.4 20 20
4.2 7.6 20 20
4.2 7.8 20 20
4.2 8.0 20 20
4.2 8.2 20 20
4.2 8.4 20 20
4.2 8.6 20 20
4.2 8.8 20 20
4.2 9.0 25 20
4.2 9.2 25 25
4.2 9.4 20 20
4.2 9.6 25 20
4.2 9.8 25 25
4.2 10.0 20 20
4.2 10.2 20 20
4.2 10.4 25 20
4.2 10.6 25 20
4.2 10.8 20 20
4.4 0.2 25 160
4.4 0.4 20 140
4.4 0.6 20 110
4.4 0.8 35 140
4.4 1.0 20 65
4.4 1.2 30 80
4.4 1.4 25 55
4.4 1.6 30 55
4.4 1.8 20 30
4.4 2.0 20 30
4.4 2.2 35 40
4.4 2.4 25 30
4.4 2.6 25 25
4.4 2.8 20 25
4.4 3.0 25 30
4.4 3.2 25 25
4.4 3.4 20 20
4.4 3.6 20 20
4.4 3.8 20 20
4.4 4.0 20 20
4.4 4.2 20 25
4.4 4.4 20 20
4.4 4.6 20 20
4.4 4.8 20 20
4.4 5.0 20 20
4.4 5.2 20 20
4.4 5.4 20 20
4.4 5.6 20 20
4.4 5.8 20 20
4.4 6.0 20 20
4.4 6.2 20 20
4.4 6.4 20 20
4.4 6.6 20 20
4.4 6.8 20 20
4.4 7.0 20 20
4.4 7.2 20 20
4.4 7.4 20 20
4.4 7.6 25 20
4.4 7.8 20 20
4.4 8.0 20 20
4.4 8.2 25 20
4.4 8.4 25 25
4.4 8.6 20 20
4.4 8.8 25 20
4.4 9.0 20 20
4.4 9.2 20 20
4.4 9.4 25 25
4.4 9.6 25 20
4.4 9.8 25 25
4.4 10.0 25 20
4.4 10.2 20 20
4.4 10.4 20 20
4.4 10.6 25 25
4.4 10.8 20 20
4.6 0.2 20 160
4.6 0.4 25 155
4.6 0.6 30 155
4.6 0.8 30 140
4.6 1.0 35 120
4.6 1.2 30 90
4.6 1.4 20 55
4.6 1.6 20 45
4.6 1.8 20 35
4.6 2.0 25 35
4.6 2.2 20 30
4.6 2.4 20 25
4.6 2.6 20 25
4.6 2.8 25 30
4.6 3.0 25 25
4.6 3.2 20 20
4.6 3.4 20 20
4.6 3.6 20 20
4.6 3.8 20 20
4.6 4.0 20 20
4.6 4.2 20 20
4.6 4.4 20 20
4.6 4.6 20 20
4.6 4.8 20 20
4.6 5.0 20 20
4.6 5.2 20 20
4.6 5.4 20 20
4.6 5.6 20 20
4.6 5.8 20 20
4.6 6.0 20 20
4.6 6.2 20 20
4.6 6.4 20 20
4.6 6.6 20 20
4.6 6.8 25 20
4.6 7.0 25 25
4.6 7.2 20 20
4.6 7.4 25 25
4.6 7.6 25 20
4.6 7.8 25 20
4.6 8.0 25 20
4.6 8.2 20 20
4.6 8.4 20 20
4.6 8.6 20 20
4.6 8.8 20 20
4.6 9.0 20 20
4.6 9.2 20 20
4.6 9.4 20 20
4.6 9.6 20 20
4.6 9.8 20 20
4.6 10.0 30 25
4.6 10.2 30 25
4.6 10.4 20 20
4.6 10.6 20 20
4.6 10.8 25 20
4.8 0.2 20 155
4.8 0.4 20 150
4.8 0.6 35 160
4.8 0.8 20 95
4.8 1.0 30 110
4.8 1.2 30 85
4.8 1.4 25 60
4.8 1.6 20 40
4.8 1.8 25 40
4.8 2.0 20 30
4.8 2.2 25 35
4.8 2.4 25 30
4.8 2.6 20 25
4.8 2.8 25 30
4.8 3.0 20 20
4.8 3.2 20 20
4.8 3.4 20 20
4.8 3.6 20 20
4.8 3.8 25 25
4.8 4.0 20 20
4.8 4.2 20 20
4.8 4.4 20 20
4.8 4.6 20 20
4.8 4.8 20 20
4.8 5.0 20 20
4.8 5.2 20 20
4.8 5.4 20 20
4.8 5.6 25 25
4.8 5.8 20 20
4.8 6.0 20 20
4.8 6.2 20 20
4.8 6.4 20 20
4.8 6.6 20 20
4.8 6.8 20 25
4.8 7.0 20 20
4.8 7.2 20 20
4.8 7.4 20 20
4.8 7.6 20 20
4.8 7.8 25 20
4.8 8.0 20 20
4.8 8.2 20 20
4.8 8.4 20 20
4.8 8.6 20 20
4.8 8.8 30 25
4.8 9.0 25 20
4.8 9.2 20 20
4.8 9.4 20 20
4.8 9.6 25 25
4.8 9.8 25 25
4.8 10.0 20 20
4.8 10.2 25 20
4.8 10.4 30 25
4.8 10.6 25 20
4.8 10.8 25 20
5.0 0.2 20 155
5.0 0.4 20 125
5.0 0.6 25 140
5.0 0.8 25 110
5.0 1.0 20 85
5.0 1.2 20 60
5.0 1.4 20 45
5.0 1.6 20 40
5.0 1.8 20 40
5.0 2.0 20 30
5.0 2.2 25 35
5.0 2.4 30 35
5.0 2.6 20 25
5.0 2.8 20 25
5.0 3.0 25 30
5.0 3.2 20 25
5.0 3.4 20 25
5.0 3.6 25 25
5.0 3.8 20 20
5.0 4.0 20 25
5.0 4.2 20 20
5.0 4.4 20 20
5.0 4.6 20 20
5.0 4.8 20 20
5.0 5.0 20 20
5.0 5.2 20 20
5.0 5.4 20 20
5.0 5.6 20 20
5.0 5.8 20 20
5.0 6.0 20 20
5.0 6.2 20 20
5.0 6.4 20 20
5.0 6.6 20 20
5.0 6.8 25 25
5.0 7.0 20 20
5.0 7.2 25 25
5.0 7.4 20 20
5.0 7.6 20 20
5.0 7.8 25 25
5.0 8.0 20 20
5.0 8.2 20 20
5.0 8.4 20 20
5.0 8.6 20 20
5.0 8.8 20 20
5.0 9.0 20 20
5.0 9.2 20 20
5.0 9.4 25 20
5.0 9.6 20 20
5.0 9.8 20 20
5.0 10.0 20 20
5.0 10.2 20 20
5.0 10.4 20 20
5.0 10.6 20 20
5.0 10.8 25 25
5.2 0.2 20 160
5.2 0.4 30 160
5.2 0.6 20 145
5.2 0.8 25 115
5.2 1.0 30 115
5.2 1.2 25 80
5.2 1.4 25 60
5.2 1.6 25 45
5.2 1.8 20 35
5.2 2.0 20 30
5.2 2.2 20 25
5.2 2.4 20 25
5.2 2.6 20 25
5.2 2.8 20 25
5.2 3.0 20 25
5.2 3.2 20 25
5.2 3.4 20 20
5.2 3.6 20 20
5.2 3.8 20 20
5.2 4.0 20 20
5.2 4.2 20 20
5.2 4.4 25 25
5.2 4.6 20 20
5.2 4.8 20 20
5.2 5.0 20 20
5.2 5.2 20 20
5.2 5.4 20 20
5.2 5.6 20 20
5.2 5.8 20 20
5.2 6.0 20 20
5.2 6.2 25 25
5.2 6.4 20 20
5.2 6.6 20 20
5.2 6.8 20 20
5.2 7.0 20 20
5.2 7.2 20 20
5.2 7.4 20 20
5.2 7.6 20 20
5.2 7.8 20 20
5.2 8.0 20 20
5.2 8.2 30 30
5.2 8.4 20 20
5.2 8.6 20 20
5.2 8.8 20 20
5.2 9.0 20 20
5.2 9.2 20 20
5.2 9.4 20 20
5.2 9.6 20 20
5.2 9.8 20 20
5.2 10.0 20 20
5.2 10.2 30 25
5.2 10.4 20 20
5.2 10.6 20 20
5.2 10.8 20 20
5.4 0.2 20 160
5.4 0.4 20 150
5.4 0.6 25 155
5.4 0.8 20 105
5.4 1.0 30 115
5.4 1.2 25 80
5.4 1.4 20 45
5.4 1.6 20 45
5.4 1.8 20 35
5.4 2.0 25 35
5.4 2.2 20 30
5.4 2.4 25 35
5.4 2.6 20 25
5.4 2.8 20 25
5.4 3.0 25 30
5.4 3.2 20 20
5.4 3.4 20 20
5.4 3.6 20 20
5.4 3.8 20 20
5.4 4.0 20 20
5.4 4.2 20 20
5.4 4.4 25 25
5.4 4.6 20 20
5.4 4.8 20 20
5.4 5.0 20 20
5.4 5.2 20 20
5.4 5.4 20 20
5.4 5.6 20 20
5.4 5.8 20 20
5.4 6.0 20 20
5.4 6.2 20 20
5.4 6.4 20 20
5.4 6.6 20 20
5.4 6.8 20 20
5.4 7.0 25 25
5.4 7.2 20 20
5.4 7.4 25 25
5.4 7.6 20 20
5.4 7.8 20 20
5.4 8.0 20 20
5.4 8.2 20 20
5.4 8.4 20 20
5.4 8.6 25 25
5.4 8.8 20 20
5.4 9.0 20 20
5.4 9.2 20 20
5.4 9.4 25 20
5.4 9.6 20 20
5.4 9.8 25 25
5.4 10.0 20 20
5.4 10.2 20 20
5.4 10.4 20 20
5.4 10.6 30 25
5.4 10.8 25 25
5.6 0.2 20 160
5.6 0.4 20 150
5.6 0.6 30 155
5.6 0.8 20 105
5.6 1.0 30 120
5.6 1.2 20 70
5.6 1.4 30 70
5.6 1.6 30 55
5.6 1.8 20 35
5.6 2.0 20 30
5.6 2.2 20 30
5.6 2.4 20 25
5.6 2.6 25 30
5.6 2.8 20 25
5.6 3.0 25 25
5.6 3.2 20 20
5.6 3.4 20 25
5.6 3.6 20 20
5.6 3.8 20 20
5.6 4.0 20 20
5.6 4.2 20 20
5.6 4.4 25 25
5.6 4.6 20 20
5.6 4.8 20 20
5.6 5.0 20 20
5.6 5.2 20 20
5.6 5.4 20 20
5.6 5.6 20 20
5.6 5.8 20 20
5.6 6.0 20 20
5.6 6.2 20 20
5.6 6.4 20 20
5.6 6.6 20 20
5.6 6.8 25 25
5.6 7.0 20 20
5.6 7.2 20 20
5.6 7.4 20 20
5.6 7.6 20 20
5.6 7.8 20 20
5.6 8.0 25 30
5.6 8.2 25 25
5.6 8.4 20 20
5.6 8.6 20 20
5.6 8.8 20 20
5.6 9.0 20 20
5.6 9.2 25 25
5.6 9.4 35 30
5.6 9.6 20 20
5.6 9.8 20 20
5.6 10.0 20 20
5.6 10.2 20 20
5.6 10.4 20 20
5.6 10.6 20 20
5.6 10.8 20 20
5.8 0.2 20 160
5.8 0.4 20 160
5.8 0.6 25 150
5.8 0.8 30 140
5.8 1.0 25 95
5.8 1.2 25 75
5.8 1.4 20 55
5.8 1.6 20 45
5.8 1.8 25 45
5.8 2.0 30 45
5.8 2.2 25 30
5.8 2.4 20 25
5.8 2.6 20 25
5.8 2.8 20 25
5.8 3.0 20 25
5.8 3.2 20 20
5.8 3.4 20 20
5.8 3.6 25 25
5.8 3.8 20 20
5.8 4.0 20 20
5.8 4.2 20 20
5.8 4.4 20 20
5.8 4.6 20 20
5.8 4.8 20 20
5.8 5.0 20 20
5.8 5.2 20 20
5.8 5.4 20 20
5.8 5.6 20 20
5.8 5.8 20 20
5.8 6.0 20 20
5.8 6.2 20 20
5.8 6.4 20 20
5.8 6.6 25 25
5.8 6.8 20 20
5.8 7.0 20 20
5.8 7.2 25 25
5.8 7.4 20 20
5.8 7.6 20 20
5.8 7.8 20 20
5.8 8.0 20 20
5.8 8.2 20 20
5.8 8.4 20 20
5.8 8.6 20 20
5.8 8.8 20 20
5.8 9.0 20 20
5.8 9.2 20 20
5.8 9.4 20 20
5.8 9.6 20 20
5.8 9.8 25 20
5.8 10.0 25 20
5.8 10.2 20 20
5.8 10.4 25 20
5.8 10.6 20 20
5.8 10.8 20 20
6.0 0.2 20 125
6.0 0.4 20 150
6.0 0.6 30 155
6.0 0.8 30 145
6.0 1.0 40 150
6.0 1.2 20 70
6.0 1.4 25 60
6.0 1.6 25 50
6.0 1.8 20 40
6.0 2.0 25 35
6.0 2.2 20 30
6.0 2.4 20 25
6.0 2.6 20 25
6.0 2.8 25 30
6.0 3.0 20 25
6.0 3.2 25 30
6.0 3.4 20 20
6.0 3.6 20 20
6.0 3.8 20 20
6.0 4.0 20 20
6.0 4.2 25 25
6.0 4.4 25 25
6.0 4.6 20 20
6.0 4.8 20 20
6.0 5.0 20 20
6.0 5.2 20 20
6.0 5.4 20 20
6.0 5.6 20 20
6.0 5.8 20 20
6.0 6.0 20 20
6.0 6.2 20 20
6.0 6.4 20 20
6.0 6.6 20 20
6.0 6.8 20 20
6.0 7.0 20 20
6.0 7.2 25 25
6.0 7.4 20 20
6.0 7.6 25 25
6.0 7.8 25 25
6.0 8.0 20 20
6.0 8.2 25 20
6.0 8.4 20 20
6.0 8.6 20 20
6.0 8.8 20 20
6.0 9.0 20 20
6.0 9.2 20 20
6.0 9.4 25 20
6.0 9.6 20 20
6.0 9.8 20 20
6.0 10.0 20 20
6.0 10.2 30 30
6.0 10.4 20 25
6.0 10.6 20 20
6.0 10.8 20 20
6.2 0.2 20 160
6.2 0.4 20 160
6.2 0.6 20 125
6.2 0.8 25 140
6.2 1.0 20 85
6.2 1.2 25 75
6.2 1.4 20 50
6.2 1.6 20 40
6.2 1.8 20 35
6.2 2.0 20 30
6.2 2.2 25 30
6.2 2.4 30 40
6.2 2.6 20 25
6.2 2.8 20 25
6.2 3.0 25 30
6.2 3.2 20 20
6.2 3.4 20 20
6.2 3.6 25 25
6.2 3.8 20 25
6.2 4.0 25 25
6.2 4.2 20 20
6.2 4.4 20 25
6.2 4.6 20 20
6.2 4.8 20 20
6.2 5.0 25 20
6.2 5.2 20 20
6.2 5.4 20 20
6.2 5.6 20 20
6.2 5.8 20 20
6.2 6.0 20 20
6.2 6.2 20 20
6.2 6.4 20 20
6.2 6.6 20 20
6.2 6.8 20 20
6.2 7.0 20 20
6.2 7.2 20 20
6.2 7.4 20 20
6.2 7.6 20 20
6.2 7.8 20 20
6.2 8.0 20 20
6.2 8.2 25 25
6.2 8.4 25 25
6.2 8.6 20 20
6.2 8.8 20 20
6.2 9.0 25 25
6.2 9.2 20 20
6.2 9.4 20 20
6.2 9.6 25 25
6.2 9.8 20 20
6.2 10.0 20 20
6.2 10.2 20 20
6.2 10.4 20 20
6.2 10.6 20 20
6.2 10.8 20 20
6.4 0.2 25 160
6.4 0.4 20 150
6.4 0.6 20 150
6.4 0.8 35 150
6.4 1.0 30 115
6.4 1.2 20 75
6.4 1.4 25 60
6.4 1.6 20 50
6.4 1.8 20 35
6.4 2.0 25 35
6.4 2.2 20 30
6.4 2.4 25 30
6.4 2.6 20 25
6.4 2.8 20 25
6.4 3.0 20 25
6.4 3.2 20 25
6.4 3.4 20 25
6.4 3.6 20 20
6.4 3.8 20 20
6.4 4.0 20 25
6.4 4.2 20 20
6.4 4.4 20 20
6.4 4.6 20 20
6.4 4.8 20 20
6.4 5.0 20 20
6.4 5.2 20 20
6.4 5.4 20 20
6.4 5.6 20 20
6.4 5.8 20 20
6.4 6.0 20 20
6.4 6.2 20 20
6.4 6.4 20 20
6.4 6.6 20 20
6.4 6.8 20 20
6.4 7.0 20 20
6.4 7.2 20 20
6.4 7.4 20 20
6.4 7.6 25 25
6.4 7.8 20 20
6.4 8.0 20 20
6.4 8.2 20 20
6.4 8.4 25 25
6.4 8.6 25 20
6.4 8.8 20 20
6.4 9.0 20 20
6.4 9.2 20 20
6.4 9.4 20 20
6.4 9.6 25 20
6.4 9.8 20 20
6.4 10.0 20 20
6.4 10.2 20 20
6.4 10.4 20 20
6.4 10.6 20 20
6.4 10.8 20 20
6.6 0.2 20 160
6.6 0.4 20 140
6.6 0.6 20 145
6.6 0.8 30 145
6.6 1.0 20 95
6.6 1.2 30 90
6.6 1.4 25 60
6.6 1.6 20 45
6.6 1.8 25 40
6.6 2.0 30 45
6.6 2.2 20 30
6.6 2.4 25 30
6.6 2.6 20 25
6.6 2.8 20 25
6.6 3.0 20 25
6.6 3.2 20 25
6.6 3.4 20 25
6.6 3.6 20 25
6.6 3.8 20 20
6.6 4.0 20 20
6.6 4.2 20 20
6.6 4.4 20 20
6.6 4.6 20 20
6.6 4.8 20 20
6.6 5.0 20 20
6.6 5.2 20 20
6.6 5.4 20 20
6.6 5.6 20 25
6.6 5.8 20 20
6.6 6.0 20 20
6.6 6.2 20 20
6.6 6.4 20 20
6.6 6.6 20 20
6.6 6.8 20 20
6.6 7.0 20 20
6.6 7.2 20 20
6.6 7.4 20 20
6.6 7.6 20 20
6.6 7.8 20 20
6.6 8.0 20 20
6.6 8.2 20 20
6.6 8.4 20 20
6.6 8.6 20 20
6.6 8.8 20 20
6.6 9.0 25 20
6.6 9.2 20 20
6.6 9.4 25 25
6.6 9.6 20 20
6.6 9.8 20 20
6.6 10.0 20 20
6.6 10.2 30 25
6.6 10.4 25 25
6.6 10.6 25 25
6.6 10.8 20 20
6.8 0.2 20 160
6.8 0.4 20 145
6.8 0.6 25 160
6.8 0.8 20 135
6.8 1.0 30 120
6.8 1.2 20 80
6.8 1.4 25 60
6.8 1.6 20 45
6.8 1.8 30 45
6.8 2.0 25 35
6.8 2.2 20 30
6.8 2.4 25 35
6.8 2.6 20 25
6.8 2.8 20 25
6.8 3.0 20 25
6.8 3.2 20 25
6.8 3.4 20 25
6.8 3.6 20 20
6.8 3.8 20 20
6.8 4.0 20 20
6.8 4.2 20 20
6.8 4.4 20 20
6.8 4.6 20 20
6.8 4.8 20 20
6.8 5.0 20 20
6.8 5.2 20 20
6.8 5.4 20 20
6.8 5.6 20 20
6.8 5.8 20 20
6.8 6.0 20 20
6.8 6.2 20 20
6.8 6.4 20 20
6.8 6.6 25 20
6.8 6.8 20 20
6.8 7.0 20 20
6.8 7.2 20 20
6.8 7.4 25 25
6.8 7.6 20 20
6.8 7.8 20 20
6.8 8.0 20 20
6.8 8.2 25 20
6.8 8.4 20 20
6.8 8.6 20 20
6.8 8.8 20 20
6.8 9.0 20 20
6.8 9.2 20 20
6.8 9.4 20 20
6.8 9.6 20 20
6.8 9.8 20 20
6.8 10.0 25 20
6.8 10.2 25 20
6.8 10.4 20 20
6.8 10.6 20 20
6.8 10.8 20 20
7.0 0.2 20 160
7.0 0.4 20 155
7.0 0.6 20 130
7.0 0.8 25 140
7.0 1.0 25 125
7.0 1.2 25 90
7.0 1.4 20 55
7.0 1.6 20 40
7.0 1.8 20 40
7.0 2.0 20 30
7.0 2.2 20 30
7.0 2.4 20 30
7.0 2.6 20 25
7.0 2.8 20 20
7.0 3.0 20 25
7.0 3.2 20 25
7.0 3.4 20 20
7.0 3.6 20 25
7.0 3.8 20 20
7.0 4.0 20 25
7.0 4.2 20 20
7.0 4.4 20 20
7.0 4.6 20 20
7.0 4.8 20 20
7.0 5.0 20 20
7.0 5.2 20 20
7.0 5.4 20 20
7.0 5.6 20 20
7.0 5.8 20 20
7.0 6.0 20 20
7.0 6.2 20 20
7.0 6.4 20 20
7.0 6.6 20 20
7.0 6.8 20 20
7.0 7.0 20 20
7.0 7.2 20 20
7.0 7.4 20 20
7.0 7.6 25 20
7.0 7.8 25 25
7.0 8.0 20 20
7.0 8.2 20 20
7.0 8.4 20 20
7.0 8.6 20 20
7.0 8.8 20 20
7.0 9.0 20 20
7.0 9.2 30 30
7.0 9.4 20 20
7.0 9.6 20 20
7.0 9.8 20 20
7.0 10.0 25 25
7.0 10.2 25 25
7.0 10.4 20 20
7.0 10.6 25 25
7.0 10.8 20 20
7.2 0.2 20 160
7.2 0.4 20 160
7.2 0.6 20 155
7.2 0.8 35 155
7.2 1.0 25 105
7.2 1.2 20 70
7.2 1.4 20 50
7.2 1.6 20 45
7.2 1.8 20 30
7.2 2.0 25 40
7.2 2.2 30 45
7.2 2.4 25 35
7.2 2.6 20 25
7.2 2.8 20 25
7.2 3.0 20 25
7.2 3.2 20 25
7.2 3.4 20 20
7.2 3.6 20 25
7.2 3.8 20 20
7.2 4.0 20 20
7.2 4.2 20 20
7.2 4.4 20 20
7.2 4.6 20 20
7.2 4.8 20 20
7.2 5.0 25 25
7.2 5.2 20 20
7.2 5.4 20 20
7.2 5.6 20 20
7.2 5.8 20 20
7.2 6.0 20 20
7.2 6.2 20 20
7.2 6.4 20 20
7.2 6.6 20 20
7.2 6.8 20 20
7.2 7.0 20 20
7.2 7.2 20 20
7.2 7.4 20 20
7.2 7.6 20 20
7.2 7.8 20 20
7.2 8.0 20 20
7.2 8.2 20 20
7.2 8.4 20 20
7.2 8.6 20 20
7.2 8.8 20 20
7.2 9.0 20 20
7.2 9.2 25 25
7.2 9.4 25 25
7.2 9.6 20 20
7.2 9.8 20 20
7.2 10.0 20 20
7.2 10.2 25 25
7.2 10.4 25 20
7.2 10.6 20 20
7.2 10.8 20 20
7.4 0.2 20 150
7.4 0.4 25 160
7.4 0.6 20 150
7.4 0.8 30 155
7.4 1.0 30 130
7.4 1.2 20 85
7.4 1.4 20 55
7.4 1.6 20 50
7.4 1.8 25 45
7.4 2.0 20 30
7.4 2.2 20 30
7.4 2.4 20 25
7.4 2.6 25 30
7.4 2.8 25 30
7.4 3.0 20 20
7.4 3.2 20 25
7.4 3.4 20 25
7.4 3.6 20 25
7.4 3.8 20 25
7.4 4.0 20 25
7.4 4.2 20 20
7.4 4.4 20 20
7.4 4.6 25 25
7.4 4.8 20 20
7.4 5.0 20 20
7.4 5.2 20 20
7.4 5.4 20 20
7.4 5.6 20 20
7.4 5.8 20 20
7.4 6.0 20 20
7.4 6.2 20 20
7.4 6.4 20 20
7.4 6.6 25 25
7.4 6.8 20 20
7.4 7.0 20 20
7.4 7.2 25 20
7.4 7.4 20 20
7.4 7.6 20 20
7.4 7.8 20 20
7.4 8.0 25 25
7.4 8.2 20 20
7.4 8.4 20 20
7.4 8.6 20 20
7.4 8.8 20 20
7.4 9.0 20 20
7.4 9.2 20 20
7.4 9.4 20 20
7.4 9.6 20 20
7.4 9.8 20 20
7.4 10.0 20 20
7.4 10.2 20 20
7.4 10.4 20 20
7.4 10.6 25 20
7.4 10.8 20 20
7.6 0.2 20 160
7.6 0.4 20 160
7.6 0.6 20 160
7.6 0.8 25 160
7.6 1.0 30 135
7.6 1.2 20 60
7.6 1.4 30 75
7.6 1.6 25 50
7.6 1.8 20 40
7.6 2.0 20 30
7.6 2.2 20 30
7.6 2.4 20 30
7.6 2.6 20 25
7.6 2.8 20 25
7.6 3.0 20 25
7.6 3.2 25 25
7.6 3.4 20 20
7.6 3.6 20 25
7.6 3.8 20 20
7.6 4.0 20 20
7.6 4.2 20 25
7.6 4.4 20 20
7.6 4.6 20 20
7.6 4.8 20 20
7.6 5.0 20 20
7.6 5.2 20 20
7.6 5.4 20 20
7.6 5.6 20 20
7.6 5.8 20 20
7.6 6.0 20 20
7.6 6.2 20 20
7.6 6.4 20 20
7.6 6.6 20 20
7.6 6.8 20 20
7.6 7.0 20 20
7.6 7.2 20 20
7.6 7.4 20 20
7.6 7.6 20 20
7.6 7.8 25 25
7.6 8.0 20 20
7.6 8.2 20 20
7.6 8.4 20 20
7.6 8.6 25 20
7.6 8.8 25 20
7.6 9.0 20 20
7.6 9.2 20 20
7.6 9.4 20 20
7.6 9.6 20 20
7.6 9.8 20 20
7.6 10.0 20 20
7.6 10.2 20 20
7.6 10.4 20 20
7.6 10.6 20 20
7.6 10.8 20 20
7.8 0.2 20 150
7.8 0.4 20 160
7.8 0.6 20 155
7.8 0.8 25 145
7.8 1.0 25 115
7.8 1.2 20 80
7.8 1.4 20 50
7.8 1.6 20 45
7.8 1.8 25 45
7.8 2.0 30 45
7.8 2.2 20 30
7.8 2.4 25 30
7.8 2.6 20 25
7.8 2.8 20 25
7.8 3.0 20 25
7.8 3.2 20 25
7.8 3.4 20 25
7.8 3.6 20 25
7.8 3.8 20 20
7.8 4.0 20 20
7.8 4.2 20 20
7.8 4.4 25 25
7.8 4.6 20 20
7.8 4.8 25 25
7.8 5.0 20 25
7.8 5.2 20 20
7.8 5.4 20 25
7.8 5.6 20 20
7.8 5.8 20 20
7.8 6.0 20 20
7.8 6.2 20 20
7.8 6.4 20 20
7.8 6.6 20 20
7.8 6.8 20 20
7.8 7.0 20 20
7.8 7.2 20 20
7.8 7.4 20 20
7.8 7.6 20 20
7.8 7.8 20 20
7.8 8.0 20 20
7.8 8.2 25 25
7.8 8.4 20 20
7.8 8.6 25 20
7.8 8.8 20 20
7.8 9.0 20 20
7.8 9.2 20 20
7.8 9.4 20 20
7.8 9.6 20 20
7.8 9.8 20 20
7.8 10.0 20 20
7.8 10.2 20 20
7.8 10.4 20 20
7.8 10.6 20 20
7.8 10.8 20 20
8.0 0.2 20 155
8.0 0.4 20 160
8.0 0.6 25 160
8.0 0.8 25 150
8.0 1.0 20 100
8.0 1.2 30 90
8.0 1.4 20 60
8.0 1.6 25 50
8.0 1.8 25 45
8.0 2.0 20 30
8.0 2.2 20 30
8.0 2.4 25 35
8.0 2.6 20 25
8.0 2.8 20 25
8.0 3.0 20 25
8.0 3.2 20 25
8.0 3.4 20 20
8.0 3.6 20 25
8.0 3.8 20 20
8.0 4.0 20 20
8.0 4.2 20 20
8.0 4.4 25 25
8.0 4.6 20 20
8.0 4.8 20 20
8.0 5.0 20 20
8.0 5.2 25 25
8.0 5.4 20 20
8.0 5.6 25 25
8.0 5.8 20 25
8.0 6.0 20 20
8.0 6.2 20 20
8.0 6.4 20 20
8.0 6.6 20 20
8.0 6.8 25 25
8.0 7.0 25 25
8.0 7.2 20 20
8.0 7.4 20 20
8.0 7.6 25 25
8.0 7.8 25 25
8.0 8.0 20 20
8.0 8.2 20 20
8.0 8.4 20 20
8.0 8.6 20 20
8.0 8.8 20 20
8.0 9.0 20 20
8.0 9.2 20 20
8.0 9.4 20 20
8.0 9.6 25 20
8.0 9.8 20 20
8.0 10.0 20 20
8.0 10.2 20 20
8.0 10.4 20 20
8.0 10.6 25 20
8.0 10.8 25 25
8.2 0.2 20 155
8.2 0.4 20 155
8.2 0.6 20 160
8.2 0.8 20 125
8.2 1.0 20 115
8.2 1.2 20 75
8.2 1.4 20 50
8.2 1.6 20 40
8.2 1.8 25 40
8.2 2.0 20 35
8.2 2.2 20 30
8.2 2.4 20 30
8.2 2.6 20 25
8.2 2.8 20 25
8.2 3.0 20 25
8.2 3.2 20 25
8.2 3.4 20 25
8.2 3.6 20 25
8.2 3.8 20 25
8.2 4.0 20 25
8.2 4.2 20 20
8.2 4.4 20 20
8.2 4.6 20 20
8.2 4.8 25 25
8.2 5.0 20 20
8.2 5.2 20 20
8.2 5.4 20 20
8.2 5.6 20 20
8.2 5.8 20 20
8.2 6.0 20 20
8.2 6.2 20 20
8.2 6.4 20 20
8.2 6.6 20 20
8.2 6.8 25 25
8.2 7.0 20 20
8.2 7.2 20 20
8.2 7.4 25 25
8.2 7.6 20 20
8.2 7.8 20 20
8.2 8.0 25 25
8.2 8.2 20 20
8.2 8.4 20 20
8.2 8.6 20 20
8.2 8.8 20 20
8.2 9.0 20 20
8.2 9.2 20 20
8.2 9.4 20 20
8.2 9.6 20 20
8.2 9.8 20 20
8.2 10.0 25 20
8.2 10.2 20 20
8.2 10.4 25 25
8.2 10.6 20 20
8.2 10.8 20 20
8.4 0.2 20 160
8.4 0.4 20 155
8.4 0.6 20 160
8.4 0.8 20 135
8.4 1.0 25 110
8.4 1.2 20 75
8.4 1.4 25 65
8.4 1.6 35 65
8.4 1.8 25 40
8.4 2.0 20 30
8.4 2.2 20 30
8.4 2.4 25 35
8.4 2.6 20 25
8.4 2.8 20 25
8.4 3.0 20 25
8.4 3.2 20 30
8.4 3.4 20 25
8.4 3.6 20 25
8.4 3.8 20 25
8.4 4.0 20 25
8.4 4.2 20 20
8.4 4.4 20 20
8.4 4.6 20 20
8.4 4.8 20 20
8.4 5.0 20 25
8.4 5.2 20 20
8.4 5.4 25 25
8.4 5.6 20 20
8.4 5.8 20 20
8.4 6.0 20 20
8.4 6.2 20 20
8.4 6.4 20 20
8.4 6.6 20 20
8.4 6.8 20 20
8.4 7.0 20 20
8.4 7.2 20 20
8.4 7.4 20 20
8.4 7.6 20 20
8.4 7.8 20 20
8.4 8.0 25 25
8.4 8.2 25 25
8.4 8.4 20 25
8.4 8.6 20 20
8.4 8.8 20 20
8.4 9.0 20 20
8.4 9.2 20 20
8.4 9.4 20 20
8.4 9.6 20 20
8.4 9.8 20 20
8.4 10.0 20 20
8.4 10.2 20 20
8.4 10.4 20 20
8.4 10.6 25 25
8.4 10.8 20 20
8.6 0.2 20 155
8.6 0.4 20 160
8.6 0.6 20 150
8.6 0.8 30 155
8.6 1.0 20 90
8.6 1.2 20 70
8.6 1.4 20 50
8.6 1.6 25 50
8.6 1.8 25 45
8.6 2.0 25 45
8.6 2.2 20 30
8.6 2.4 20 25
8.6 2.6 20 30
8.6 2.8 20 25
8.6 3.0 20 25
8.6 3.2 20 20
8.6 3.4 20 25
8.6 3.6 20 25
8.6 3.8 25 30
8.6 4.0 20 25
8.6 4.2 20 25
8.6 4.4 20 20
8.6 4.6 20 25
8.6 4.8 20 20
8.6 5.0 20 20
8.6 5.2 20 20
8.6 5.4 20 20
8.6 5.6 20 20
8.6 5.8 20 20
8.6 6.0 20 20
8.6 6.2 20 20
8.6 6.4 20 25
8.6 6.6 20 20
8.6 6.8 20 20
8.6 7.0 20 20
8.6 7.2 20 20
8.6 7.4 20 20
8.6 7.6 20 20
8.6 7.8 20 20
8.6 8.0 20 20
8.6 8.2 20 20
8.6 8.4 20 20
8.6 8.6 20 20
8.6 8.8 20 20
8.6 9.0 20 20
8.6 9.2 20 20
8.6 9.4 25 25
8.6 9.6 20 20
8.6 9.8 20 20
8.6 10.0 20 20
8.6 10.2 20 20
8.6 10.4 20 20
8.6 10.6 20 20
8.6 10.8 20 20
8.8 0.2 20 155
8.8 0.4 20 150
8.8 0.6 20 160
8.8 0.8 20 130
8.8 1.0 30 115
8.8 1.2 20 75
8.8 1.4 20 55
8.8 1.6 20 45
8.8 1.8 30 60
8.8 2.0 20 30
8.8 2.2 20 25
8.8 2.4 20 25
8.8 2.6 20 25
8.8 2.8 25 30
8.8 3.0 20 25
8.8 3.2 20 25
8.8 3.4 20 25
8.8 3.6 25 30
8.8 3.8 20 25
8.8 4.0 20 20
8.8 4.2 20 25
8.8 4.4 20 20
8.8 4.6 20 25
8.8 4.8 20 20
8.8 5.0 25 25
8.8 5.2 25 25
8.8 5.4 20 20
8.8 5.6 20 20
8.8 5.8 20 20
8.8 6.0 20 20
8.8 6.2 25 25
8.8 6.4 20 20
8.8 6.6 20 20
8.8 6.8 20 25
8.8 7.0 20 20
8.8 7.2 20 20
8.8 7.4 20 20
8.8 7.6 20 20
8.8 7.8 20 20
8.8 8.0 25 25
8.8 8.2 20 20
8.8 8.4 20 20
8.8 8.6 20 20
8.8 8.8 20 20
8.8 9.0 25 25
8.8 9.2 20 20
8.8 9.4 20 20
8.8 9.6 20 20
8.8 9.8 20 20
8.8 10.0 20 20
8.8 10.2 20 20
8.8 10.4 20 20
8.8 10.6 20 20
8.8 10.8 20 25
9.0 0.2 20 155
9.0 0.4 20 160
9.0 0.6 20 160
9.0 0.8 20 145
9.0 1.0 20 100
9.0 1.2 20 75
9.0 1.4 20 55
9.0 1.6 20 45
9.0 1.8 20 40
9.0 2.0 20 30
9.0 2.2 20 25
9.0 2.4 20 30
9.0 2.6 20 25
9.0 2.8 25 30
9.0 3.0 20 25
9.0 3.2 20 25
9.0 3.4 20 25
9.0 3.6 20 25
9.0 3.8 20 20
9.0 4.0 20 25
9.0 4.2 20 25
9.0 4.4 20 20
9.0 4.6 20 20
9.0 4.8 20 20
9.0 5.0 20 25
9.0 5.2 20 20
9.0 5.4 20 20
9.0 5.6 20 20
9.0 5.8 25 25
9.0 6.0 20 20
9.0 6.2 20 20
9.0 6.4 20 20
9.0 6.6 20 20
9.0 6.8 25 25
9.0 7.0 25 20
9.0 7.2 20 20
9.0 7.4 20 20
9.0 7.6 20 20
9.0 7.8 20 20
9.0 8.0 20 20
9.0 8.2 25 25
9.0 8.4 20 20
9.0 8.6 20 25
9.0 8.8 20 20
9.0 9.0 25 25
9.0 9.2 20 20
9.0 9.4 20 20
9.0 9.6 20 20
9.0 9.8 25 25
9.0 10.0 20 20
9.0 10.2 25 25
9.0 10.4 20 20
9.0 10.6 20 20
9.0 10.8 20 20
9.2 0.2 20 160
9.2 0.4 20 150
9.2 0.6 20 160
9.2 0.8 25 160
9.2 1.0 30 135
9.2 1.2 20 75
9.2 1.4 25 65
9.2 1.6 20 45
9.2 1.8 30 50
9.2 2.0 20 30
9.2 2.2 20 30
9.2 2.4 20 25
9.2 2.6 25 30
9.2 2.8 20 20
9.2 3.0 20 25
9.2 3.2 20 25
9.2 3.4 20 25
9.2 3.6 20 25
9.2 3.8 20 25
9.2 4.0 20 20
9.2 4.2 20 20
9.2 4.4 20 25
9.2 4.6 20 20
9.2 4.8 20 20
9.2 5.0 20 25
9.2 5.2 20 20
9.2 5.4 20 20
9.2 5.6 20 20
9.2 5.8 20 25
9.2 6.0 20 20
9.2 6.2 20 20
9.2 6.4 20 20
9.2 6.6 20 20
9.2 6.8 20 20
9.2 7.0 25 25
9.2 7.2 20 20
9.2 7.4 20 20
9.2 7.6 20 20
9.2 7.8 20 20
9.2 8.0 20 20
9.2 8.2 30 30
9.2 8.4 20 20
9.2 8.6 20 20
9.2 8.8 20 20
9.2 9.0 20 20
9.2 9.2 20 20
9.2 9.4 20 20
9.2 9.6 20 20
9.2 9.8 20 20
9.2 10.0 20 20
9.2 10.2 20 20
9.2 10.4 20 20
9.2 10.6 25 20
9.2 10.8 20 20
9.4 0.2 20 155
9.4 0.4 20 155
9.4 0.6 20 145
9.4 0.8 30 155
9.4 1.0 25 110
9.4 1.2 20 80
9.4 1.4 30 65
9.4 1.6 30 60
9.4 1.8 30 45
9.4 2.0 20 35
9.4 2.2 20 30
9.4 2.4 20 25
9.4 2.6 20 25
9.4 2.8 20 25
9.4 3.0 20 25
9.4 3.2 20 25
9.4 3.4 20 25
9.4 3.6 20 25
9.4 3.8 20 25
9.4 4.0 20 25
9.4 4.2 20 20
9.4 4.4 20 20
9.4 4.6 20 25
9.4 4.8 25 25
9.4 5.0 20 20
9.4 5.2 25 25
9.4 5.4 20 20
9.4 5.6 20 25
9.4 5.8 20 20
9.4 6.0 20 20
9.4 6.2 20 20
9.4 6.4 20 20
9.4 6.6 20 20
9.4 6.8 20 20
9.4 7.0 20 20
9.4 7.2 20 20
9.4 7.4 25 25
9.4 7.6 25 25
9.4 7.8 25 25
9.4 8.0 20 20
9.4 8.2 20 20
9.4 8.4 20 20
9.4 8.6 20 20
9.4 8.8 20 20
9.4 9.0 20 20
9.4 9.2 20 20
9.4 9.4 20 20
9.4 9.6 20 20
9.4 9.8 20 20
9.4 10.0 20 20
9.4 10.2 20 20
9.4 10.4 25 25
9.4 10.6 25 25
9.4 10.8 25 25
9.6 0.2 20 155
9.6 0.4 20 160
9.6 0.6 25 160
9.6 0.8 20 150
9.6 1.0 25 135
9.6 1.2 20 75
9.6 1.4 20 60
9.6 1.6 20 45
9.6 1.8 20 35
9.6 2.0 20 30
9.6 2.2 25 35
9.6 2.4 20 30
9.6 2.6 25 30
9.6 2.8 20 25
9.6 3.0 20 25
9.6 3.2 25 30
9.6 3.4 20 25
9.6 3.6 25 30
9.6 3.8 20 25
9.6 4.0 25 25
9.6 4.2 20 20
9.6 4.4 20 20
9.6 4.6 25 25
9.6 4.8 20 20
9.6 5.0 20 25
9.6 5.2 20 20
9.6 5.4 20 20
9.6 5.6 20 20
9.6 5.8 20 20
9.6 6.0 20 20
9.6 6.2 20 20
9.6 6.4 20 20
9.6 6.6 20 20
9.6 6.8 20 20
9.6 7.0 20 20
9.6 7.2 20 20
9.6 7.4 20 20
9.6 7.6 20 20
9.6 7.8 20 20
9.6 8.0 25 25
9.6 8.2 20 20
9.6 8.4 20 20
9.6 8.6 20 25
9.6 8.8 25 25
9.6 9.0 20 20
9.6 9.2 20 20
9.6 9.4 25 25
9.6 9.6 20 20
9.6 9.8 25 25
9.6 10.0 20 20
9.6 10.2 20 20
9.6 10.4 25 25
9.6 10.6 20 20
9.6 10.8 20 20
9.8 0.2 20 150
9.8 0.4 20 155
9.8 0.6 20 150
9.8 0.8 25 150
9.8 1.0 20 125
9.8 1.2 20 75
9.8 1.4 25 65
9.8 1.6 25 50
9.8 1.8 20 40
9.8 2.0 25 35
9.8 2.2 30 45
9.8 2.4 20 30
9.8 2.6 20 25
9.8 2.8 20 25
9.8 3.0 20 25
9.8 3.2 20 25
9.8 3.4 20 25
9.8 3.6 20 25
9.8 3.8 20 20
9.8 4.0 20 20
9.8 4.2 20 25
9.8 4.4 25 25
9.8 4.6 20 25
9.8 4.8 20 25
9.8 5.0 20 20
9.8 5.2 25 25
9.8 5.4 20 20
9.8 5.6 20 20
9.8 5.8 20 20
9.8 6.0 20 20
9.8 6.2 30 30
9.8 6.4 25 25
9.8 6.6 25 25
9.8 6.8 20 20
9.8 7.0 20 20
9.8 7.2 20 20
9.8 7.4 20 20
9.8 7.6 20 20
9.8 7.8 20 20
9.8 8.0 20 20
9.8 8.2 20 20
9.8 8.4 20 20
9.8 8.6 20 20
9.8 8.8 20 20
9.8 9.0 20 20
9.8 9.2 20 20
9.8 9.4 25 30
9.8 9.6 25 20
9.8 9.8 20 20
9.8 10.0 20 20
9.8 10.2 20 20
9.8 10.4 20 20
9.8 10.6 20 20
9.8 10.8 25 25
10.0 0.2 20 135
10.0 0.4 20 160
10.0 0.6 20 155
10.0 0.8 25 155
10.0 1.0 20 110
10.0 1.2 20 75
10.0 1.4 20 60
10.0 1.6 20 50
10.0 1.8 20 35
10.0 2.0 25 40
10.0 2.2 20 30
10.0 2.4 25 35
10.0 2.6 25 30
10.0 2.8 20 25
10.0 3.0 20 25
10.0 3.2 20 20
10.0 3.4 20 20
10.0 3.6 25 30
10.0 3.8 25 25
10.0 4.0 20 20
10.0 4.2 20 20
10.0 4.4 20 20
10.0 4.6 20 20
10.0 4.8 25 25
10.0 5.0 25 30
10.0 5.2 20 20
10.0 5.4 20 25
10.0 5.6 20 20
10.0 5.8 25 25
10.0 6.0 20 20
10.0 6.2 25 25
10.0 6.4 25 25
10.0 6.6 20 20
10.0 6.8 20 20
10.0 7.0 20 20
10.0 7.2 20 20
10.0 7.4 20 20
10.0 7.6 20 20
10.0 7.8 20 20
10.0 8.0 20 20
10.0 8.2 25 25
10.0 8.4 20 20
10.0 8.6 25 25
10.0 8.8 20 20
10.0 9.0 25 25
10.0 9.2 30 30
10.0 9.4 20 20
10.0 9.6 20 20
10.0 9.8 25 25
10.0 10.0 20 20
10.0 10.2 20 20
10.0 10.4 25 25
10.0 10.6 20 20
10.0 10.8 20 20
10.2 0.2 20 160
10.2 0.4 20 160
10.2 0.6 20 160
10.2 0.8 25 145
10.2 1.0 25 105
10.2 1.2 25 85
10.2 1.4 25 55
10.2 1.6 20 40
10.2 1.8 20 35
10.2 2.0 25 35
10.2 2.2 25 35
10.2 2.4 25 35
10.2 2.6 20 25
10.2 2.8 20 25
10.2 3.0 20 25
10.2 3.2 20 25
10.2 3.4 25 30
10.2 3.6 20 20
10.2 3.8 20 25
10.2 4.0 20 20
10.2 4.2 20 20
10.2 4.4 20 25
10.2 4.6 30 35
10.2 4.8 20 25
10.2 5.0 20 20
10.2 5.2 25 25
10.2 5.4 20 20
10.2 5.6 20 20
10.2 5.8 25 25
10.2 6.0 20 20
10.2 6.2 20 20
10.2 6.4 20 25
10.2 6.6 20 20
10.2 6.8 20 20
10.2 7.0 20 20
10.2 7.2 20 20
10.2 7.4 20 20
10.2 7.6 20 20
10.2 7.8 20 20
10.2 8.0 25 25
10.2 8.2 20 20
10.2 8.4 25 25
10.2 8.6 25 25
10.2 8.8 20 20
10.2 9.0 20 20
10.2 9.2 20 20
10.2 9.4 20 20
10.2 9.6 20 20
10.2 9.8 25 20
10.2 10.0 20 20
10.2 10.2 20 20
10.2 10.4 20 20
10.2 10.6 20 20
10.2 10.8 20 20
10.4 0.2 20 160
10.4 0.4 20 155
10.4 0.6 20 160
10.4 0.8 20 160
10.4 1.0 20 100
10.4 1.2 20 75
10.4 1.4 20 55
10.4 1.6 20 45
10.4 1.8 30 50
10.4 2.0 20 30
10.4 2.2 25 35
10.4 2.4 20 30
10.4 2.6 25 35
10.4 2.8 20 25
10.4 3.0 20 25
10.4 3.2 20 25
10.4 3.4 25 30
10.4 3.6 20 25
10.4 3.8 25 30
10.4 4.0 20 20
10.4 4.2 20 25
10.4 4.4 20 25
10.4 4.6 25 30
10.4 4.8 20 20
10.4 5.0 20 20
10.4 5.2 20 20
10.4 5.4 20 20
10.4 5.6 20 20
10.4 5.8 20 20
10.4 6.0 20 20
10.4 6.2 30 30
10.4 6.4 20 20
10.4 6.6 20 20
10.4 6.8 20 20
10.4 7.0 20 20
10.4 7.2 20 20
10.4 7.4 20 20
10.4 7.6 25 25
10.4 7.8 20 20
10.4 8.0 20 25
10.4 8.2 20 20
10.4 8.4 25 30
10.4 8.6 25 25
10.4 8.8 20 20
10.4 9.0 20 20
10.4 9.2 25 25
10.4 9.4 20 20
10.4 9.6 20 20
10.4 9.8 20 20
10.4 10.0 20 20
10.4 10.2 20 20
10.4 10.4 20 20
10.4 10.6 20 20
10.4 10.8 20 20
10.6 0.2 20 155
10.6 0.4 20 160
10.6 0.6 20 155
10.6 0.8 20 140
10.6 1.0 20 95
10.6 1.2 25 75
10.6 1.4 20 60
10.6 1.6 20 40
10.6 1.8 25 45
10.6 2.0 20 35
10.6 2.2 20 30
10.6 2.4 20 30
10.6 2.6 25 35
10.6 2.8 20 25
10.6 3.0 20 25
10.6 3.2 20 25
10.6 3.4 20 30
10.6 3.6 20 20
10.6 3.8 20 20
10.6 4.0 20 25
10.6 4.2 20 20
10.6 4.4 25 25
10.6 4.6 20 20
10.6 4.8 20 20
10.6 5.0 20 20
10.6 5.2 20 20
10.6 5.4 20 25
10.6 5.6 20 20
10.6 5.8 20 20
10.6 6.0 20 20
10.6 6.2 20 20
10.6 6.4 20 20
10.6 6.6 20 20
10.6 6.8 20 20
10.6 7.0 20 20
10.6 7.2 20 20
10.6 7.4 20 20
10.6 7.6 20 20
10.6 7.8 20 20
10.6 8.0 20 20
10.6 8.2 20 20
10.6 8.4 25 25
10.6 8.6 20 20
10.6 8.8 20 20
10.6 9.0 20 20
10.6 9.2 20 20
10.6 9.4 25 25
10.6 9.6 20 20
10.6 9.8 25 25
10.6 10.0 20 20
10.6 10.2 20 20
10.6 10.4 30 30
10.6 10.6 20 20
10.6 10.8 20 20
10.8 0.2 20 145
10.8 0.4 20 160
10.8 0.6 20 160
10.8 0.8 20 145
10.8 1.0 25 130
10.8 1.2 20 75
10.8 1.4 20 50
10.8 1.6 20 40
10.8 1.8 20 35
10.8 2.0 20 30
10.8 2.2 25 35
10.8 2.4 20 25
10.8 2.6 20 25
10.8 2.8 20 25
10.8 3.0 20 25
10.8 3.2 25 30
10.8 3.4 20 25
10.8 3.6 20 25
10.8 3.8 25 30
10.8 4.0 20 25
10.8 4.2 20 20
10.8 4.4 25 30
10.8 4.6 20 20
10.8 4.8 20 25
10.8 5.0 20 20
10.8 5.2 20 20
10.8 5.4 20 20
10.8 5.6 20 20
10.8 5.8 25 30
10.8 6.0 20 20
10.8 6.2 25 25
10.8 6.4 20 20
10.8 6.6 20 20
10.8 6.8 20 20
10.8 7.0 20 20
10.8 7.2 20 20
10.8 7.4 25 30
10.8 7.6 20 20
10.8 7.8 20 20
10.8 8.0 20 20
10.8 8.2 20 20
10.8 8.4 20 20
10.8 8.6 20 20
10.8 8.8 20 20
10.8 9.0 20 20
10.8 9.2 20 20
10.8 9.4 20 20
10.8 9.6 20 20
10.8 9.8 20 20
10.8 10.0 20 20
10.8 10.2 20 20
10.8 10.4 20 20
10.8 10.6 20 20
10.8 10.8 35 30
